[youtube] ZX7HnNd5PB4: Downloading webpage
[download] vid.mp4 has already been downloaded
[K[download] 100% of 33.68MiB
0	0
1	63
2	52
3	72
4	82
5	78
6	78
7	81
8	91
9	83
10	82
11	75
12	87
13	85
14	93
15	94
16	73
17	17
18	36
19	78
20	96
21	96
22	97
23	94
24	66
25	64
26	78
27	77
28	59
29	56
30	75
31	82
32	88
33	95
34	94
35	90
36	89
37	87
38	93
39	91
40	92
41	83
42	63
43	90
44	99
45	93
46	95
47	89
48	98
49	92
50	85
51	94
52	93
53	89
54	77
55	82
56	91
57	86
58	84
60	94
61	84
62	89
63	82
64	88
65	90
66	91
67	90
68	90
69	81
70	81
71	98
72	41
73	95
74	93
75	91
76	84
77	85
78	55
79	88
80	80
81	86
82	94
83	84
84	89
85	82
86	97
87	95
88	83
89	90
90	73
91	86
92	92
93	86
94	89
95	83
96	89
97	91
98	88
99	92
100	43
101	81
102	85
103	85
104	82
105	71
106	58
107	77
108	84
109	86
110	86
111	81
112	77
113	72
114	82
115	73
116	75
117	72
118	82
119	85
120	89
121	84
122	80
123	94
124	79
125	90
126	86
127	73
128	78
129	93
130	87
131	90
132	85
133	84
134	90
135	78
136	82
137	70
138	89
139	86
140	82
141	80
142	89
143	86
144	81
145	86
146	88
147	91
148	90
149	88
150	92
151	85
152	91
153	71
154	73
155	77
156	77
157	83
158	81
159	77
160	68
161	81
162	87
163	80
164	75
165	77
166	83
167	85
168	81
169	85
170	85
171	47
172	96
173	93
174	96
175	95
176	94
177	85
178	81
179	77
180	79
181	74
182	81
183	77
184	34
185	68
186	74
187	79
188	79
189	79
190	87
191	80
192	54
193	74
194	85
195	93
196	91
197	94
198	93
200	90
201	88
202	87
203	88
204	91
205	89
206	93
207	86
208	81
209	90
210	88
211	91
212	94
213	85
214	85
215	85
216	88
217	93
218	91
219	94
220	89
221	95
222	92
223	94
224	92
225	97
226	92
227	81
228	83
229	87
230	85
231	88
232	88
233	91
234	95
235	89
236	98
237	87
238	84
239	88
240	85
241	98
242	81
243	84
244	91
245	87
246	89
247	93
248	91
249	96
250	94
251	85
252	82
253	26
254	82
255	88
256	92
257	90
258	93
259	95
261	97
262	90
263	70
264	90
265	93
266	93
267	90
268	95
269	96
270	92
272	94
273	96
274	89
275	86
276	97
277	93
278	80
279	95
280	98
281	94
282	94
283	97
284	97
285	93
286	96
287	89
288	91
289	75
290	95
291	90
292	98
293	95
294	96
295	84
296	96
297	99
298	90
299	90
300	88
301	97
302	90
303	97
304	93
305	93
306	97
308	92
309	96
310	96
311	83
312	96
313	91
314	97
315	81
316	95
317	96
318	95
319	96
320	99
321	97
323	82
324	84
325	94
326	88
327	96
328	94
329	94
330	86
332	90
333	91
334	94
335	86
336	83
337	91
338	90
339	64
340	97
341	95
342	95
343	88
344	90
345	50
346	77
347	34
348	52
349	83
350	83
351	84
352	83
353	88
354	91
355	88
356	86
357	96
358	88
359	82
360	77
361	83
362	90
363	79
364	91
365	86
366	97
367	82
368	81
369	91
370	77
371	76
372	79
373	86
374	84
375	83
376	87
377	38
378	83
379	91
380	81
381	92
382	94
383	75
384	78
385	82
386	88
387	88
388	87
389	84
390	92
391	89
392	90
393	86
394	91
395	89
396	80
397	85
398	90
399	90
400	77
401	91
402	92
403	93
406	48
407	87
408	96
412	99
415	95
418	76
420	82
422	92
423	91
424	96
426	94
429	96
430	91
433	98
434	97
437	94
440	82
441	91
442	86
443	89
444	61
445	96
449	99
450	81
451	91
452	66
453	50
454	49
455	47
457	90
458	88
459	99
460	96
461	85
465	99
466	98
468	92
469	82
470	53
471	92
472	98
473	84
474	86
475	88
476	86
477	64
478	96
479	95
480	86
481	77
482	49
483	81
484	89
485	89
486	30
487	54
488	71
489	77
490	76
491	84
492	84
493	80
494	85
495	85
496	84
497	84
498	86
499	56
500	85
501	82
502	82
503	73
504	83
505	80
506	87
507	88
508	87
509	91
510	86
511	83
512	90
513	84
514	86
515	64
516	34
517	85
518	80
519	87
520	91
521	75
522	83
523	82
524	90
525	66
526	83
527	91
528	87
529	83
530	85
531	86
532	85
533	84
534	91
535	90
536	45
537	93
538	96
539	94
540	83
541	89
542	91
543	87
544	96
545	94
546	88
547	89
548	91
549	88
550	92
551	81
552	91
553	83
554	86
555	79
556	91
557	83
558	87
559	87
560	83
561	90
562	82
563	53
564	80
565	73
566	77
567	80
568	5
569	44
570	79
571	83
572	96
573	91
574	96
575	93
576	97
577	43
578	86
579	84
580	81
581	19
582	71
583	81
584	23
585	91
586	90
587	25
588	72
589	91
590	86
591	82
592	17
593	78
594	87
595	79
596	82
597	83
598	87
599	81
600	76
601	81
602	91
603	52
604	82
605	62
606	67
607	80
608	83
609	84
610	87
611	79
612	81
613	88
614	78
615	80
616	85
617	81
618	82
619	66
620	84
621	76
622	86
623	78
624	84
625	80
626	83
627	79
628	93
629	62
630	80
631	83
632	82
633	84
634	79
635	84
636	80
637	87
638	80
639	90
640	85
641	87
642	86
643	69
644	83
645	77
646	84
647	83
648	86
649	86
650	90
651	84
652	92
653	85
654	94
655	61
656	87
657	83
658	20
659	86
660	83
661	80
662	86
663	85
664	78
665	85
666	34
667	91
668	90
669	78
670	74
671	32
672	67
673	96
674	89
675	86
676	89
677	95
678	98
679	97
680	89
681	88
682	94
683	92
684	94
685	94
686	86
687	94
688	94
689	97
690	95
692	98
693	93
694	87
695	85
696	90
697	89
698	91
699	94
700	91
701	92
702	92
703	93
705	90
706	85
707	84
708	92
709	88
710	86
711	94
712	89
713	92
714	93
715	98
716	98
717	99
718	86
719	89
720	89
721	95
722	95
723	91
724	90
725	45
726	94
727	85
728	96
729	94
730	87
731	91
732	91
733	83
734	1
735	56
736	92
737	94
738	96
739	89
740	97
741	89
742	97
743	97
744	95
745	86
746	95
747	94
748	93
749	97
750	94
752	93
753	94
754	92
755	93
756	91
757	89
758	91
759	93
760	93
761	89
762	88
763	92
764	99
765	88
766	94
767	94
768	82
769	92
770	87
771	93
772	95
773	91
774	89
775	98
776	93
777	90
778	95
779	95
780	82
781	83
782	87
783	76
784	97
785	93
786	96
787	94
789	87
790	98
791	96
792	88
793	92
794	92
795	94
796	97
797	95
798	82
799	98
800	97
801	96
802	96
803	98
804	94
805	77
806	86
807	86
808	92
809	93
810	90
811	90
812	87
813	90
814	92
815	93
816	87
817	86
818	85
819	91
820	87
821	90
822	89
823	97
824	94
825	93
826	94
827	87
828	93
829	82
830	92
831	92
832	88
833	78
834	87
835	91
836	92
837	90
838	88
839	87
840	80
841	83
842	94
843	88
844	91
845	92
846	93
847	94
848	89
849	89
850	87
851	90
852	83
853	34
854	87
855	87
856	85
857	86
858	94
859	85
860	68
861	67
862	96
863	95
864	64
865	67
866	75
867	87
868	90
869	90
870	37
871	62
872	89
873	94
874	91
875	70
876	78
877	80
878	86
879	84
880	79
881	77
882	91
883	88
884	88
885	87
886	98
887	88
888	77
889	89
890	22
891	90
892	82
893	84
894	82
895	90
896	89
897	96
898	89
899	90
900	86
901	82
902	85
903	93
904	79
905	85
906	93
907	85
908	43
909	91
910	96
911	86
912	87
913	92
914	86
915	88
916	72
917	87
918	90
919	98
920	94
922	88
923	92
924	85
925	90
926	93
927	90
928	92
929	88
930	76
931	91
932	99
933	92
934	76
935	66
936	87
937	82
938	31
939	87
940	87
941	95
942	87
943	98
944	97
945	83
946	85
947	89
948	92
949	90
950	89
951	88
952	76
953	50
954	89
955	95
956	90
957	41
958	89
959	88
960	90
961	92
962	81
963	90
964	84
965	96
966	98
967	84
968	97
969	89
970	85
971	87
972	87
973	91
974	93
975	89
976	91
977	98
978	94
979	95
980	97
981	91
982	92
983	91
984	90
985	90
986	91
987	85
988	90
989	91
990	92
991	86
992	87
993	94
994	90
995	79
996	72
997	90
998	94
999	78
1000	30
1001	91
1002	87
1003	94
1004	85
1005	96
1006	95
1007	97
1008	93
1009	89
1010	91
1011	85
1012	92
1013	93
1014	95
1015	96
1016	95
1017	90
1018	94
1019	95
1020	86
1021	77
1022	92
1023	86
1024	93
1025	92
1026	86
1027	95
1028	95
1029	98
1030	95
1031	96
1032	87
1033	88
1034	93
1035	85
1036	94
1037	95
1038	91
1039	91
1040	95
1041	91
1042	83
1043	90
1044	82
1045	42
1046	93
1047	77
1048	90
1049	98
1050	91
1051	99
1052	93
1053	95
1054	43
1055	80
1056	83
1057	89
1058	91
1059	96
1060	98
1061	94
1062	96
1063	85
1064	98
1065	45
1066	89
1067	85
1068	76
1069	93
1070	85
1071	88
1072	87
1073	91
1074	90
1075	97
1076	83
1077	94
1078	92
1079	85
1080	85
1081	91
1082	93
1083	91
1084	88
1085	91
1086	96
1087	87
1088	94
1089	96
1090	96
1091	93
1092	85
1093	89
1094	93
1095	91
1096	97
1097	90
1098	45
1099	81
1100	73
1101	81
1102	82
1103	80
1104	64
1105	37
1106	54
1107	48
1108	53
1109	61
1110	58
1111	81
1112	83
1113	77
1114	79
1115	85
1116	71
1117	74
1118	72
1119	70
1120	57
1121	80
1122	61
1123	48
1124	59
1125	74
1126	65
1127	67
1128	75
1129	68
1130	82
1131	79
1132	86
1133	80
1134	87
1135	84
1136	88
1137	82
1138	81
1139	76
1140	85
1141	80
1142	85
1143	87
1144	86
1145	94
1146	92
1147	95
1148	95
1149	95
1150	93
1151	93
1152	68
1153	81
1154	88
1155	94
1156	93
1157	89
1158	92
1159	95
1160	95
1161	95
1162	87
1163	91
1165	90
1166	87
1167	44
1168	43
1169	73
1170	72
1171	29
1172	7
1173	46
1174	93
1175	97
1176	96
1177	94
1178	79
1179	89
1180	95
1181	82
1182	95
1183	98
1184	94
1185	55
1186	96
1187	95
1188	84
1189	93
1190	79
1191	33
1192	87
1193	82
1194	97
1195	22
1196	55
1197	91
1198	90
1199	70
1200	88
1201	96
1202	82
1203	87
1204	81
1205	15
1206	35
1207	95
1208	98
1209	95
1210	94
1211	93
1212	95
1213	99
1214	98
1215	97
1217	98
1218	75
1219	83
1220	95
1221	94
1222	93
1223	81
1224	56
1225	90
1226	76
1227	90
1228	41
1229	94
1230	79
1231	82
1232	97
1234	97
1253	88
1271	94
1274	32
1275	50
1276	77
1277	81
1278	98
1279	83
1280	80
1281	94
1282	82
1283	53
1284	82
1285	79
1290	79
1291	90
1293	99
1296	94
1297	90
1298	83
1299	95
1303	95
1304	92
1307	76
1308	89
1314	77
1316	56
1317	39
1318	67
1319	40
1320	46
1321	80
1322	61
1323	53
1324	46
1325	38
1326	59
1327	47
1328	57
1329	56
1330	20
1331	47
1332	33
1333	26
1334	20
1335	41
1336	79
1337	93
1341	84
1342	66
1343	88
1347	99
1348	52
1349	55
1350	52
1351	62
1352	31
1353	41
1354	52
1355	45
1356	67
1357	35
1358	67
1359	52
1360	83
1362	87
1363	98
1364	98
1365	93
1366	66
1367	59
1368	36
1369	89
1383	95
1384	96
1385	96
1408	96
1409	98
1435	64
1468	81
1477	63
1478	93
1480	98
1482	98
1484	91
1485	97
1490	98
1491	87
1492	85
1493	92
1495	92
1496	49
1497	30
1498	25
1499	14
1500	18
1501	35
1502	34
1503	43
1504	35
1505	69
1506	48
1507	56
1508	33
1509	97
1511	93
1512	45
1513	71
1514	45
1515	44
1516	53
1517	55
1518	46
1519	55
1520	93
1521	60
1522	92
1523	61
1524	56
1525	56
1526	55
1527	56
1528	66
1529	82
1530	94
1531	87
1532	92
1533	91
1534	95
1535	54
1536	59
1537	40
1538	37
1539	97
1540	95
1542	96
1544	96
1546	96
1557	96
1571	95
1572	68
1575	62
1584	96
1601	97
1617	50
1620	95
1635	94
1644	85
1667	56
1686	99
1688	98
1696	99
1707	81
1709	98
1722	99
1736	99
1756	97
1757	58
1759	77
1771	92
1777	94
1778	97
1784	97
1795	51
1815	98
1824	90
1825	78
1832	97
1835	98
1843	98
1856	90
1862	99
1867	99
1875	99
1877	97
1881	99
1888	97
1889	95
1890	99
1895	99
1897	51
1898	99
1902	99
1908	98
1909	99
1910	64
1914	98
1915	97
1916	99
1919	99
1920	98
1921	96
1923	97
1925	98
1926	57
1929	99
1934	99
1941	99
1942	96
1943	99
1949	99
1950	99
1952	99
1953	98
1957	93
1958	98
1960	55
1962	99
1963	99
1967	98
1968	98
1969	99
1971	85
1972	29
1973	53
1975	98
1982	99
1986	95
1989	32
1990	41
1991	73
2007	25
2008	27
2009	70
2010	40
2011	38
2012	37
2013	99
2021	99
2041	95
2067	52
2068	51
2088	84
2107	89
2108	89
2109	91
2110	89
2111	84
2112	91
2113	89
2114	90
2115	90
2116	90
2117	89
2118	90
2119	88
2120	81
2121	89
2122	90
2123	89
2124	48
2125	89
2126	81
2127	76
2128	26
2129	81
2130	89
2131	32
2132	89
2133	83
2134	88
2135	86
2136	89
2137	89
2138	89
2139	88
2140	71
2141	80
2142	55
2143	86
2144	85
2145	89
2146	90
2147	92
2148	90
2149	90
2150	91
2151	92
2152	90
2153	90
2154	86
2155	91
2156	91
2157	88
2158	92
2159	90
2160	91
2161	90
2162	91
2163	91
2164	91
2165	90
2166	92
2167	90
2168	92
2169	92
2170	92
2171	92
2172	91
2173	91
2174	86
2175	91
2176	92
2177	92
2178	40
2179	91
2180	89
2181	92
2182	91
2183	91
2184	91
2185	92
2186	91
2187	90
2188	91
2189	86
2190	91
2191	91
2192	91
2193	91
2194	92
2195	90
2196	92
2197	92
2198	90
2199	91
2200	92
2201	92
2202	94
2203	93
2204	92
2205	92
2206	94
2207	92
2208	94
2209	93
2210	93
2211	88
2212	91
2213	92
2214	92
2215	93
2216	92
2217	93
2218	90
2219	94
2220	90
2221	91
2222	86
2223	92
2224	92
2225	93
2226	90
2249	93
2250	89
2251	84
2274	99
2278	80
2307	95
2353	96
2354	99
2389	99
2395	96
2396	96
2397	93
2398	93
2399	96
2400	95
2401	96
2402	95
2403	94
2404	96
2405	96
2406	94
2407	93
2408	97
2409	97
2410	89
2411	87
2412	89
2413	90
2414	88
2415	88
2416	91
2417	89
2418	89
2419	88
2420	89
2421	89
2422	89
2423	88
2424	90
2425	91
2426	90
2427	91
2428	87
2429	91
2430	90
2431	91
2432	92
2433	93
2434	91
2435	92
2436	92
2437	87
2438	91
2439	76
2440	90
2441	90
2442	91
2443	87
2444	91
2445	78
2446	87
2447	92
2448	90
2449	88
2450	92
2451	87
2452	92
2453	92
2454	90
2455	91
2456	90
2457	92
2458	89
2459	91
2460	91
2461	91
2462	92
2463	85
2464	89
2465	91
2466	92
2467	90
2468	92
2469	92
2520	87
2542	97
2547	50
2573	94
2616	98
2623	98
2624	63
2625	99
2627	60
2652	57
2655	53
2656	55
2679	97
2684	99
2685	96
2686	99
2692	99
2698	99
2705	98
2707	92
2716	98
2720	99
2721	97
2731	99
2732	51
2736	98
2750	86
2751	57
2752	96
2754	98
2799	99
2822	84
2889	97
2897	96
2904	74
2919	99
2930	49
2933	99
2946	88
2951	99
2956	98
2957	99
2959	98
2961	98
2975	95
2976	87
3007	99
3087	95
3110	95
3143	95
3144	95
3145	96
3146	99
3147	99
3148	96
3149	98
3150	98
3151	98
3152	97
3153	97
3154	96
3155	94
3156	94
3157	96
3158	98
3159	96
3160	96
3161	95
3162	99
3163	97
3164	98
3165	89
3166	97
3167	95
3168	96
3169	96
3170	94
3171	97
3172	98
3173	99
3174	96
3175	96
3176	95
3177	97
3178	97
3179	95
3180	94
3181	94
3182	95
3183	92
3184	95
3185	95
3186	97
3187	87
3188	98
3189	98
3190	97
3191	93
3192	96
3193	95
3194	96
3195	95
3196	93
3197	95
3198	96
3199	94
3200	96
3201	97
3202	97
3203	97
3204	97
3205	95
3206	96
3207	88
3208	77
3209	58
3210	93
3211	71
3212	97
3213	93
3214	96
3215	96
3216	96
3217	95
3218	95
3219	90
3220	95
3221	94
3222	92
3223	96
3224	95
3225	96
3226	94
3227	92
3228	96
3229	91
3230	94
3231	95
3232	88
3233	95
3234	90
3235	84
3236	95
3237	91
3238	92
3239	92
3240	87
3241	83
3242	93
3243	91
3244	91
3245	88
3246	95
3247	91
3248	86
3249	93
3250	94
3251	93
3252	93
3253	88
3254	93
3255	93
3256	88
3257	94
3258	93
3259	90
3260	92
3261	93
3262	93
3263	94
3264	95
3265	91
3266	95
3267	93
3268	94
3269	94
3270	94
3271	94
3272	94
3273	94
3274	91
3275	94
3276	94
3277	97
3278	93
3279	95
3280	93
3281	95
3282	95
3283	43
3284	95
3285	47
3286	92
3287	94
3288	94
3289	96
3290	96
3291	94
3292	92
3293	87
3294	94
3295	96
3296	94
3297	94
3298	95
3299	95
3300	93
3301	96
3302	96
3303	94
3304	93
3305	96
3306	95
3307	95
3308	95
3309	94
3310	96
3311	96
3312	96
3313	94
3314	94
3315	94
3316	93
3317	95
3318	96
3319	96
3320	94
3321	95
3322	97
3323	90
3324	95
3325	94
3326	97
3327	96
3328	94
3329	94
3330	83
3331	95
3332	94
3333	93
3334	97
3335	96
3336	95
3337	96
3338	97
3339	93
3340	95
3341	93
3342	95
3343	96
3344	94
3345	96
3346	92
3347	96
3348	94
3349	95
3350	96
3351	92
3352	94
3353	96
3354	95
3355	96
3356	93
3357	95
3358	96
3359	94
3360	95
3361	94
3362	91
3363	92
3364	94
3365	95
3366	95
3367	92
3368	50
3369	95
3370	85
3371	96
3372	48
3373	46
3374	96
3375	96
3376	95
3377	95
3378	96
3379	94
3380	94
3381	95
3382	95
3383	95
3384	94
3385	93
3386	94
3387	95
3388	93
3389	95
3390	95
3391	85
3392	94
3393	93
3394	93
3395	93
3396	95
3397	96
3398	95
3399	96
3400	93
3401	91
3402	53
3403	90
3405	74
3447	57
3490	99
3491	99
3493	94
3494	99
3495	99
3496	99
3497	99
3498	98
3501	98
3504	97
3505	90
3506	99
3511	99
3513	99
3514	97
3516	99
3517	97
3519	98
3521	99
3523	99
3524	97
3525	97
3526	95
3528	96
3531	55
3537	99
3539	99
3542	98
3554	97
3557	99
3561	99
3563	99
3564	99
3566	49
3575	98
3576	98
3581	98
3584	97
3589	97
3592	98
3598	99
3602	99
3607	99
3608	95
3610	98
3616	99
3622	99
3624	97
3627	99
3628	99
3629	99
3633	96
3634	98
3635	97
3637	99
3638	99
3639	97
3641	99
3642	99
3644	98
3645	99
3646	98
3647	98
3649	99
3655	99
3656	98
3657	52
3659	99
3681	91
3717	99
3719	97
3746	99
3747	96
3748	78
3749	70
3751	78
3754	99
3756	99
3761	96
3762	50
3767	91
3768	90
3775	99
3776	96
3783	99
3787	99
3793	99
3796	99
3797	99
3801	97
3810	99
3814	97
3819	95
3827	98
3829	97
3837	98
3845	96
3846	87
3847	96
3852	99
3854	99
3857	99
3869	98
3871	65
3874	98
3875	99
3893	97
3899	99
3901	99
3945	99
3950	92
3955	94
3956	71
3957	65
3959	94
3964	97
3976	97
3981	99
3985	82
3986	95
3988	96
3991	98
3992	97
4000	99
4023	53
4069	99
4111	95
4136	97
4138	96
4157	83
4158	43
4166	97
4167	99
4170	97
4172	97
4181	53
4183	99
4190	99
4212	98
4222	52
4244	98
4271	99
4300	93
4301	51
4331	85
4336	51
4387	99
4393	51
4415	95
4428	49
4434	94
4435	55
4457	52
4459	57
4495	55
4496	62
4504	90
4505	56
4510	55
4512	98
4524	98
4535	99
4569	96
4634	99
4663	98
4681	99
4682	77
4683	67
4685	70
4697	98
4700	58
4710	96
4712	52
4713	91
4716	51
4725	57
4727	99
4738	99
4749	91
4755	96
4760	57
4761	98
4838	79
4901	44
4904	76
4907	99
4917	99
4974	98
5053	99
5116	89
5130	58
5135	55
5144	53
5247	73
5305	99
5332	59
5339	60
5345	52
5463	99
5479	91
5480	99
5482	99
5485	98
5494	86
5495	82
5521	95
5522	55
5565	88
5579	97
5580	79
5581	51
5582	74
5583	98
5630	96
5654	89
5659	61
5660	92
5662	52
5667	57
5674	97
5686	95
5691	98
5692	95
5693	99
5706	96
5707	98
5716	96
5717	98
5718	98
5719	98
5720	99
5721	99
5722	97
5723	99
5724	99
5725	99
5726	99
5727	98
5728	99
5729	98
5730	99
5731	95
5732	47
5733	99
5734	98
5735	99
5736	98
5737	98
5739	98
5740	99
5741	98
5742	98
5743	98
5744	98
5745	99
5746	99
5747	99
5749	99
5750	98
5751	99
5752	99
5753	99
5754	99
5755	92
5756	97
5757	95
5758	98
5759	67
5760	94
5761	99
5763	85
5765	99
5766	99
5767	92
5768	92
5769	83
5770	89
5771	88
5772	89
5773	89
5774	90
5775	81
5776	90
5777	97
5778	92
5779	90
5780	99
5781	98
5782	99
5783	95
5784	99
5785	95
5786	98
5787	99
5788	99
5789	97
5790	99
5791	99
5792	99
5793	98
5796	98
5797	99
5798	96
5799	99
5802	99
5803	95
5804	99
5805	96
5808	99
5809	99
5810	99
5811	99
5812	99
5813	86
5814	38
5815	75
5816	94
5817	98
5818	98
5819	98
5821	98
5822	99
5823	99
5824	98
5825	99
5827	99
5828	99
5829	97
5830	99
5831	96
5833	97
5834	98
5840	97
5841	89
5842	86
5843	49
5844	86
5871	78
5872	93
5875	60
5885	99
5892	80
5896	99
5899	96
5902	95
5907	97
5918	95
5950	99
5957	99
5976	61
5977	94
5978	95
5987	99
5990	99
5991	98
5995	98
5998	98
6000	98
6032	95
6052	95
6056	83
6061	95
6063	94
6067	97
6069	96
6072	99
6077	99
6080	97
6083	99
6085	92
6088	98
6091	98
6097	98
6108	86
6113	81
6114	96
6124	51
6129	95
6137	65
6138	87
6143	51
6145	70
6146	45
6147	22
6148	30
6149	44
6150	86
6151	42
6152	49
6153	55
6154	41
6155	48
6156	33
6157	55
6158	38
6159	37
6160	32
6161	78
6162	86
6169	55
6174	98
6175	94
6181	95
6182	57
6183	47
6184	36
6185	58
6186	76
6187	73
6188	69
6189	14
6190	49
6191	28
6192	35
6193	31
6194	54
6197	97
6198	99
6199	90
6200	61
6201	88
6208	98
6218	61
6230	57
6231	92
6232	98
6233	95
6234	94
6235	99
6238	52
6239	60
6240	88
6241	93
6242	78
6245	55
6246	56
6247	56
6248	56
6249	56
6250	56
6251	56
6252	52
6253	55
6254	61
6255	96
6292	63
6293	52
6305	64
6333	98
6365	58
6375	99
6400	53
6419	61
6444	59
6445	53
6448	53
6452	99
6547	60
6577	56
6588	98
6593	96
6594	87
6595	72
6596	97
6597	70
6598	89
6599	98
6600	98
6603	99
6605	53
6606	97
6608	97
6616	99
6617	99
6624	98
6628	97
6633	96
6634	99
6640	94
6663	99
6665	96
6667	96
6668	99
6669	99
6670	99
6671	99
6672	99
6673	99
6675	98
6676	99
6677	98
6678	97
6679	98
6680	97
6684	97
6685	97
6687	99
6689	99
6690	94
6691	97
6692	99
6693	99
6694	99
6695	93
6696	98
6697	99
6698	99
6699	99
6700	95
6701	97
6702	98
6703	98
6704	98
6705	99
6706	97
6707	98
6708	99
6709	99
6710	99
6711	99
6712	98
6713	99
6714	95
6715	99
6716	98
6717	96
6718	99
6719	99
6720	85
6721	99
6722	99
6723	97
6724	46
6725	99
6726	99
6727	99
6729	91
6730	99
6732	99
6733	99
6734	98
6736	98
6738	97
6739	99
6740	99
6741	99
6742	99
6743	98
6744	99
6745	97
6746	99
6749	99
6750	98
6752	99
6753	96
6754	98
6755	98
6756	99
6757	98
6758	97
6759	98
6760	98
6761	97
6762	99
6763	98
6764	99
6765	98
6766	98
6768	99
6769	95
6770	99
6772	97
6773	99
6776	99
6777	95
6778	21
6779	68
6780	49
6781	49
6782	99
6786	99
6787	98
6789	97
6792	96
6796	94
6812	28
6813	25
6814	32
6815	82
6816	28
6817	38
6818	69
6819	37
6820	36
6821	95
6830	73
6831	51
6832	52
6833	37
6834	86
6851	89
6863	54
6864	98
6867	53
6871	57
6879	99
6882	53
6887	98
6904	98
6927	96
6928	94
6934	52
6935	95
6936	99
6937	98
6938	99
6941	99
6942	56
6944	46
6947	99
6948	98
6949	98
6950	99
6951	98
6952	98
6954	96
6955	99
6956	98
6957	92
6958	99
6959	95
6960	99
6961	93
6962	95
6963	97
6964	99
6965	94
6966	97
6967	94
6968	96
6969	97
6970	97
6971	98
6972	99
6973	97
6974	99
6975	95
6976	97
6977	98
6978	94
6979	94
6980	98
6981	97
6982	96
6983	97
6984	98
6985	98
6986	96
6987	98
6988	99
6989	97
6990	97
6991	98
6992	96
6993	97
6994	97
6995	97
6996	99
6997	94
6998	99
6999	97
7000	98
7001	98
7002	98
7003	99
7004	98
7005	99
7006	99
7007	99
7008	99
7009	97
7010	99
7011	99
7012	99
7013	97
7014	98
7015	96
7016	97
7017	98
7018	98
7020	75
7021	79
7022	46
7023	50
7024	89
7025	86
7026	83
7027	84
7028	70
7029	47
7030	50
7031	54
7032	87
7033	95
7034	96
7035	98
7036	96
7037	96
7038	98
7039	97
7040	99
7041	98
7042	96
7043	97
7044	97
7045	98
7046	98
7047	98
7048	45
7049	60
7050	51
7051	89
7052	79
7053	68
7054	57
7055	79
7056	58
7057	73
7058	32
7059	45
7060	85
7061	75
7062	92
7063	93
7064	96
7065	98
7066	98
7067	99
7068	94
7069	98
7070	99
7071	98
7072	99
7073	95
7074	99
7075	98
7077	98
7078	99
7079	95
7080	99
7081	98
7082	99
7083	98
7084	97
7085	99
7086	99
7087	99
7089	95
7090	72
7091	99
7093	99
7094	97
7095	87
7096	99
7097	99
7098	97
7099	98
7100	99
7101	99
7102	98
7103	99
7104	99
7105	99
7106	97
7107	99
7108	98
7109	98
7110	97
7111	98
7112	90
7113	98
7114	98
7115	96
7116	98
7117	96
7123	90
7124	76
7125	79
7126	98
7127	89
7128	98
7131	95
7136	98
7139	96
7142	98
7145	55
7153	99
7157	88
7165	50
7174	50
7192	98
7196	98
7199	99
7244	97
7245	93
7258	99
7266	98
7276	47
7285	95
7286	55
7287	81
7288	91
7290	99
7291	99
7292	99
7294	99
7295	96
7296	96
7297	99
7300	99
7301	99
7302	94
7303	97
7304	99
7305	98
7306	99
7307	98
7308	99
7310	99
7312	96
7313	92
7314	99
7315	97
7317	96
7318	96
7319	99
7320	96
7321	93
7322	98
7323	96
7324	95
7325	97
7326	99
7327	97
7328	98
7329	94
7330	87
7331	98
7332	98
7333	97
7334	95
7335	98
7336	99
7337	99
7339	99
7342	98
7343	98
7345	89
7347	96
7348	46
7349	99
7350	99
7351	99
7352	98
7353	96
7354	95
7355	97
7356	97
7357	98
7358	94
7359	98
7361	99
7362	99
7363	97
7364	99
7365	98
7366	92
7367	97
7368	97
7369	91
7370	96
7371	95
7372	97
7373	98
7374	97
7375	97
7376	95
7377	98
7378	98
7379	97
7393	58
7394	50
7395	81
7406	99
7414	53
7511	48
7512	96
7514	94
7546	59
7558	89
7573	98
7574	99
7575	98
7576	98
7577	99
7580	99
7583	96
7584	99
7585	97
7586	98
7588	93
7589	99
7593	99
7599	99
7600	97
7601	99
7602	96
7606	98
7608	99
7609	95
7610	99
7612	95
7614	94
7615	99
7616	98
7617	98
7618	97
7619	99
7620	99
7621	96
7623	99
7624	85
7625	97
7627	98
7632	99
7637	99
7639	99
7641	99
7643	98
7645	99
7658	99
7664	99
7665	97
7666	98
7667	96
7668	99
7669	99
7673	98
7674	98
7675	99
7676	97
7677	99
7679	98
7682	53
7684	99
7686	98
7687	98
7688	79
7693	99
7695	98
7698	99
7699	89
7704	67
7705	99
7707	99
7709	99
7710	97
7712	98
7717	99
7718	99
7719	95
7721	98
7725	99
7731	99
7735	97
7737	97
7745	99
7749	97
7753	94
7754	46
7755	44
7756	67
7757	99
7758	94
7759	99
7764	99
7766	98
7768	99
7769	95
7770	99
7772	95
7774	88
7794	99
7797	99
7799	99
7802	99
7805	99
7807	99
7812	99
7815	98
7819	99
7820	99
7822	95
7823	99
7828	98
7829	99
7831	99
7832	99
7833	99
7834	99
7836	99
7837	99
7841	99
7844	99
7849	99
7850	98
7852	92
7854	98
7855	98
7856	99
7859	99
7860	99
7861	99
7863	98
7864	99
7865	98
7867	98
7869	99
7870	99
7871	98
7872	99
7873	99
7874	99
7875	99
7876	96
7883	99
7888	98
7906	87
7930	99
7936	98
7937	98
7939	95
7944	99
7947	99
7951	92
7956	98
7958	98
7960	97
7963	96
7969	98
7971	98
7974	96
7983	97
7999	97
8000	98
8001	99
8002	97
8003	98
8004	99
8005	97
8006	96
8007	96
8008	97
8009	98
8010	96
8011	95
8012	97
8013	98
8014	98
8015	97
8016	96
8017	99
8018	96
8019	98
8020	98
8021	99
8022	96
8023	97
8024	98
8025	97
8026	95
8027	98
8028	98
8029	86
8030	97
8031	98
8032	98
8033	99
8034	96
8035	97
8036	98
8037	98
8038	87
8039	98
8040	97
8041	99
8042	94
8043	98
8044	97
8045	99
8046	97
8047	97
8048	97
8049	98
8050	97
8051	95
8052	97
8053	98
8054	98
8055	97
8056	95
8057	94
8058	97
8059	97
8060	96
8061	92
8062	99
8063	98
8064	97
8065	97
8066	97
8067	97
8068	89
8069	99
8070	97
8071	99
8073	97
8074	97
8075	98
8076	98
8077	99
8078	98
8079	99
8080	98
8081	97
8082	98
8083	96
8084	98
8085	98
8086	98
8087	98
8088	98
8089	98
8090	99
8091	98
8092	99
8093	98
8094	98
8095	98
8097	99
8098	99
8099	98
8100	94
8101	97
8102	97
8103	96
8104	97
8105	82
8106	45
8107	97
8108	97
8109	99
8110	97
8111	96
8112	98
8113	94
8114	98
8115	96
8116	97
8117	96
8118	96
8119	96
8120	97
8121	97
8122	97
8123	98
8124	96
8125	99
8126	97
8127	95
8128	99
8129	99
8130	99
8131	98
8132	93
8133	99
8134	99
8135	95
8136	97
8137	97
8139	96
8140	96
8141	98
8142	98
8143	90
8144	98
8145	97
8146	95
8147	98
8148	95
8149	98
8150	96
8151	98
8152	95
8153	96
8154	97
8155	97
8156	96
8157	97
8158	98
8159	96
8160	96
8161	97
8162	97
8163	97
8164	96
8165	95
8166	95
8167	93
8168	92
8169	96
8170	96
8171	96
8172	96
8173	96
8174	96
8175	96
8176	93
8177	95
8178	94
8179	95
8180	97
8181	94
8182	97
8183	93
8184	96
8185	95
8186	95
8187	91
8188	95
8189	97
8190	96
8191	97
8192	94
8193	97
8194	98
8195	98
8196	97
8197	96
8198	96
8199	96
8200	96
8201	96
8202	96
8203	96
8204	95
8205	95
8206	96
8207	95
8208	95
8209	96
8210	95
8211	96
8212	96
8213	96
8214	96
8215	95
8216	98
8217	97
8218	95
8219	98
8220	96
8221	97
8222	97
8223	96
8224	97
8225	98
8226	97
8227	96
8228	97
8229	96
8230	89
8231	95
8232	92
8233	98
8234	96
8235	95
8236	94
8237	96
8238	97
8239	95
8240	92
8241	96
8242	95
8243	89
8244	81
8245	93
8246	96
8247	73
8248	97
8249	97
8250	96
8251	93
8252	85
8253	95
8254	81
8255	78
8256	48
8257	50
8258	63
8259	82
8260	86
8261	85
8262	86
8263	82
8264	83
8265	86
8266	84
8267	90
8268	96
8269	95
8270	95
8271	97
8272	95
8273	93
8274	82
8275	97
8276	96
8277	91
8278	97
8279	95
8280	96
8281	95
8282	90
8283	94
8284	96
8285	94
8286	96
8287	92
8288	96
8289	94
8290	91
8291	96
8292	95
8293	92
8294	93
8295	96
8296	94
8297	96
8298	97
8299	83
8300	96
8301	97
8302	96
8303	94
8304	95
8305	95
8306	96
8307	97
8308	42
8309	96
8310	97
8311	97
8312	96
8313	95
8314	95
8315	97
8316	96
8317	95
8318	96
8319	96
8320	97
8321	97
8322	93
8323	94
8324	94
8325	95
8326	97
8327	95
8328	95
8329	96
8330	95
8331	93
8332	95
8333	96
8334	94
8335	46
8336	93
8337	95
8338	96
8339	95
8340	94
8341	95
8342	95
8343	95
8344	96
8345	96
8346	94
8347	94
8348	95
8349	96
8350	96
8351	95
8352	94
8353	95
8354	94
8355	93
8356	95
8357	96
8358	96
8359	95
8360	94
8361	96
8362	95
8363	96
8364	97
8365	93
8366	96
8367	49
8368	96
8369	96
8370	96
8371	96
8372	95
8373	96
8374	39
8375	95
8376	49
8377	95
8378	94
8379	95
8380	94
8381	94
8382	95
8383	94
8384	96
8385	95
8386	86
8387	95
8388	90
8389	95
8390	96
8391	96
8392	95
8393	48
8394	96
8395	96
8396	97
8397	96
8398	94
8399	92
8400	92
8401	95
8402	95
8403	96
8404	92
8405	97
8406	95
8407	96
8408	97
8409	96
8410	94
8411	97
8412	94
8413	97
8414	95
8415	91
8416	97
8417	95
8418	97
8419	97
8420	98
8421	98
8422	95
8423	98
8424	98
8425	94
8426	94
8427	98
8428	97
8429	96
8430	97
8431	95
8432	94
8433	97
8434	97
8435	97
8436	97
8437	97
8438	97
8439	95
8440	89
8441	98
8442	97
8443	97
8444	95
8445	96
8446	97
8447	94
8448	95
8449	96
8450	97
8451	99
8452	91
8453	98
8454	98
8455	97
8456	97
8457	97
8458	94
8459	85
8460	92
8461	97
8462	96
8463	88
8464	92
8465	96
8466	96
8467	96
8468	97
8469	97
8470	95
8471	96
8472	96
8473	92
8474	95
8475	97
8476	96
8477	96
8478	92
8479	95
8480	97
8481	95
8482	95
8483	96
8484	95
8485	94
8486	96
8487	96
8488	95
8489	94
8490	97
8491	94
8492	96
8493	98
8494	96
8495	98
8496	96
8497	96
8498	97
8499	98
8500	91
8501	99
8502	97
8503	97
8504	95
8505	99
8506	96
8507	98
8508	98
8509	97
8510	97
8511	91
8512	98
8513	98
8514	99
8515	98
8516	96
8517	95
8518	98
8519	97
8520	97
8521	95
8522	95
8523	98
8524	97
8525	98
8526	97
8527	93
8528	98
8529	97
8530	97
8531	97
8532	90
8533	97
8534	96
8535	99
8536	97
8537	94
8538	81
8539	93
8540	95
8541	93
8542	94
8543	89
8544	94
8545	96
8546	96
8547	95
8548	95
8549	90
8550	96
8551	95
8552	96
8553	96
8554	93
8555	94
8556	94
8557	95
8558	92
8559	87
8560	96
8561	93
8562	94
8563	94
8564	95
8565	94
8566	96
8567	95
8568	94
8569	93
8570	95
8571	96
8572	95
8573	96
8574	93
8575	91
8576	94
8577	95
8578	94
8579	95
8580	95
8581	94
8582	95
8583	97
8584	96
8585	96
8586	96
8587	94
8588	96
8589	96
8590	45
8591	96
8592	96
8593	96
8594	95
8595	96
8596	96
8597	49
8598	97
8599	97
8600	96
8601	96
8602	90
8603	99
8605	98
8606	95
8607	92
8608	95
8609	92
8610	96
8611	95
8612	94
8613	89
8614	95
8615	95
8616	93
8617	94
8618	90
8619	95
8620	94
8621	94
8622	93
8623	89
8624	94
8625	94
8626	95
8627	94
8628	93
8629	78
8630	94
8631	91
8632	95
8633	92
8634	92
8635	89
8636	94
8637	92
8638	94
8639	92
8640	94
8641	93
8642	93
8643	94
8644	94
8645	94
8646	95
8647	89
8648	94
8649	94
8650	92
8651	95
8652	91
8653	95
8654	96
8655	92
8656	96
8657	96
8658	94
8659	96
8660	95
8661	95
8662	95
8663	95
8664	94
8665	93
8666	93
8667	94
8668	43
8669	95
8670	95
8671	96
8672	94
8673	79
8674	95
8675	95
8676	94
8677	88
8678	95
8679	96
8680	94
8681	94
8682	95
8683	94
8684	96
8685	96
8686	96
8687	95
8688	96
8689	90
8690	95
8691	94
8692	96
8693	93
8694	96
8695	95
8696	96
8697	96
8698	94
8699	94
8700	97
8701	96
8702	95
8703	94
8704	95
8705	95
8706	95
8707	96
8708	95
8709	95
8710	95
8711	95
8712	92
8713	95
8714	95
8715	97
8716	96
8717	96
8718	95
8719	94
8720	95
8721	95
8722	95
8723	95
8724	94
8725	94
8726	94
8727	96
8728	96
8729	94
8730	95
8731	92
8732	96
8733	94
8734	96
8735	94
8736	93
8737	95
8738	92
8739	94
8740	96
8741	93
8742	94
8743	96
8744	96
8745	91
8746	95
8747	84
8748	93
8749	95
8750	95
8751	94
8752	93
8753	93
8754	95
8755	93
8756	95
8757	94
8758	93
8759	96
8760	94
8761	94
8762	96
8763	94
8764	91
8765	94
8766	96
8767	94
8768	95
8769	93
8770	93
8771	94
8772	96
8773	95
8774	95
8775	94
8776	92
8777	93
8778	93
8779	93
8780	96
8781	93
8782	94
8783	92
8784	93
8785	94
8786	96
8787	96
8788	95
8789	94
8790	92
8791	95
8792	95
8793	95
8794	94
8795	76
8796	90
8797	92
8798	95
8799	95
8800	91
8801	92
8802	94
8803	88
8804	96
8808	99
8809	96
8810	97
8811	96
8812	99
8813	94
8814	97
8815	99
8816	95
8817	98
8818	98
8819	60
8820	99
8821	97
8822	53
8823	99
8824	94
8825	98
8827	95
8828	97
8829	97
8830	98
8832	97
8833	45
8834	97
8835	97
8836	98
8837	94
8838	97
8839	97
8840	98
8841	96
8842	96
8843	96
8844	97
8845	99
8846	99
8847	96
8848	99
8849	97
8851	93
8853	99
8854	99
8855	98
8856	95
8857	99
8858	97
8860	99
8861	98
8862	98
8863	98
8867	96
8868	99
8869	98
8870	99
8871	97
8872	97
8873	96
8874	96
8875	97
8876	97
8877	97
8878	94
8879	99
8880	97
8881	98
8882	95
8883	97
8884	97
8885	99
8886	96
8887	99
8888	94
8889	98
8890	99
8891	98
8892	98
8893	98
8894	98
8895	96
8896	99
8897	99
8898	98
8899	99
8900	99
8901	99
8902	98
8903	99
8905	98
8908	99
8909	99
8910	98
8912	99
8913	98
8914	98
8915	98
8917	99
8918	99
8919	92
8921	95
8922	99
8925	99
8926	99
8927	99
8930	99
8934	99
8935	99
8938	99
8947	98
8950	93
8951	99
8954	97
8955	99
8956	98
8957	99
8958	98
8960	99
8961	97
8963	99
8964	99
8965	99
8967	99
8970	96
8971	47
8972	44
8973	83
8978	99
8979	99
8980	79
8982	99
8983	99
8984	99
8985	98
8988	93
8989	98
8993	94
8994	95
8996	96
8997	99
8998	99
9002	98
9003	98
9004	95
9005	98
9006	97
9007	98
9008	99
9009	99
9010	98
9011	97
9013	99
9014	99
9015	99
9016	99
9017	99
9018	98
9019	99
9020	99
9022	99
9023	98
9027	99
9028	99
9030	98
9033	99
9034	99
9035	98
9036	99
9039	99
9074	52
9078	91
9079	47
9080	45
9081	97
9085	99
9087	99
9089	95
9091	98
9095	99
9097	98
9099	99
9104	96
9105	96
9113	98
9117	97
9137	98
9155	84
9156	77
9158	81
9193	95
9214	99
9243	94
9246	57
9260	86
9276	74
9304	51
9330	84
9331	59
9332	69
9333	57
9334	44
9335	58
9336	59
9337	59
9338	61
9347	57
9349	93
9395	87
9396	85
9397	83
9398	85
9399	85
9400	85
9401	86
9402	85
9403	87
9404	87
9405	82
9406	85
9407	84
9408	84
9409	85
9410	84
9411	85
9412	86
9413	85
9414	83
9415	86
9416	85
9417	85
9418	86
9419	85
9420	87
9421	86
9422	83
9423	84
9424	85
9425	84
9426	82
9427	86
9428	82
9429	86
9430	85
9431	76
9432	75
9433	29
9434	31
9435	0
9436	73
9437	60
9438	94
9439	96
9443	96
9444	97
9445	65
9446	98
9447	92
9448	98
9451	99
9461	93
9464	99
9467	99
9472	98
9481	91
9489	98
9490	47
9492	96
9497	99
9505	99
9512	99
9515	98
9517	99
9518	98
9519	99
9521	99
9522	97
9523	98
9524	99
9525	98
9526	92
9527	98
9528	91
9529	98
9530	98
9531	99
9532	99
9534	99
9535	97
9536	99
9537	96
9538	99
9539	98
9541	98
9542	98
9544	98
9545	99
9547	98
9549	99
9550	98
9553	99
9554	98
9555	99
9556	99
9557	40
9558	94
9561	99
9563	99
9564	96
9565	99
9566	99
9567	99
9568	99
9569	93
9571	96
9573	99
9574	97
9577	99
9578	99
9581	99
9582	98
9583	97
9586	99
9588	98
9589	98
9590	97
9591	98
9592	98
9593	99
9594	99
9595	97
9596	98
9597	92
9598	99
9599	97
9600	98
9601	97
9602	98
9603	89
9604	97
9605	97
9606	43
9607	96
9608	98
9609	97
9610	97
9611	98
9612	59
9613	96
9614	96
9615	94
9616	95
9617	97
9618	97
9619	97
9620	97
9621	97
9622	95
9623	95
9624	96
9625	96
9626	97
9627	95
9628	98
9629	94
9630	96
9631	96
9632	98
9633	98
9634	99
9635	98
9636	99
9637	97
9638	98
9639	96
9640	97
9641	97
9642	99
9643	98
9644	95
9645	96
9646	97
9647	97
9648	98
9649	97
9651	77
9652	98
9655	98
9661	94
9662	98
9663	95
9664	98
9665	97
9666	96
9667	97
9668	95
9669	98
9670	98
9671	98
9672	97
9673	97
9674	97
9675	96
9676	97
9677	97
9678	95
9679	97
9680	97
9681	96
9682	96
9683	97
9684	96
9685	97
9686	96
9687	93
9688	97
9689	96
9690	97
9691	49
9692	96
9693	93
9694	97
9695	96
9696	96
9697	92
9698	97
9699	97
9700	96
9701	95
9702	96
9703	93
9704	96
9705	95
9706	97
9707	95
9708	95
9709	97
9710	97
9711	98
9712	97
9713	91
9714	98
9715	97
9716	96
9717	96
9718	97
9719	97
9720	94
9721	96
9722	97
9723	97
9724	94
9725	94
9726	96
9727	95
9728	96
9729	96
9730	97
9731	95
9732	95
9733	94
9734	95
9735	96
9736	95
9737	94
9738	96
9739	72
9740	83
9741	96
9742	93
9743	91
9744	96
9745	97
9746	96
9747	90
9748	92
9749	96
9750	94
9751	97
9752	85
9753	84
9754	51
9755	46
9756	57
9757	97
9758	97
9759	95
9760	96
9761	94
9762	96
9763	98
9764	97
9765	98
9766	36
9767	94
9768	99
9769	98
9770	97
9771	97
9772	97
9773	98
9774	96
9775	96
9776	97
9777	98
9778	97
9779	97
9780	98
9781	97
9782	96
9783	96
9784	97
9785	97
9786	95
9787	96
9788	90
9789	98
9790	95
9791	99
9792	94
9793	93
9794	97
9795	96
9796	95
9797	97
9798	96
9799	97
9800	97
9801	97
9802	96
9803	96
9804	96
9805	94
9806	95
9807	96
9808	96
9809	96
9810	97
9811	49
9812	97
9813	98
9814	97
9815	93
9816	97
9817	95
9818	96
9819	96
9820	80
9821	98
9822	96
9823	97
9824	95
9825	96
9826	94
9827	96
9828	91
9829	97
9830	95
9831	95
9832	97
9833	96
9834	96
9835	97
9836	97
9837	97
9838	95
9839	98
9840	96
9841	94
9842	98
9843	95
9844	98
9845	98
9846	96
9847	96
9848	97
9849	93
9850	96
9851	95
9852	98
9853	96
9854	93
9855	98
9856	98
9857	94
9858	96
9859	91
9860	98
9861	99
9862	94
9863	98
9864	97
9865	95
9866	95
9867	98
9868	98
9869	98
9870	95
9871	98
9872	91
9873	93
9874	97
9875	98
9876	98
9877	98
9878	96
9879	97
9880	96
9881	93
9882	96
9883	94
9884	99
9885	97
9886	98
9887	97
9888	97
9889	97
9890	97
9891	98
9892	95
9893	97
9894	96
9895	98
9896	96
9897	95
9898	97
9899	96
9900	95
9901	96
9902	97
9903	95
9904	95
9905	97
9906	96
9907	96
9908	95
9909	93
9910	97
9911	99
9912	99
9913	99
9914	98
9916	98
9918	98
9919	99
9920	99
9921	99
9922	98
9923	99
9924	98
9925	97
9926	99
9927	99
9928	97
9929	98
9930	99
9931	99
9932	98
9933	97
9934	98
9935	96
9936	97
9937	99
9938	99
9940	99
9942	99
9947	94
9948	99
9952	98
9953	47
9972	99
9973	99
9974	99
9975	98
9977	99
9979	98
9991	99
9992	99
9994	99
9995	95
9999	98
10000	96
10001	98
10003	92
10004	99
10005	98
10006	90
10007	97
10010	99
10014	95
10015	98
10018	99
10020	98
10022	96
10023	87
10026	96
10031	99
10034	99
10038	98
10039	98
10040	98
10042	99
10043	99
10045	99
10046	98
10047	98
10049	99
10050	99
10051	95
10052	99
10054	87
10055	97
10056	96
10057	90
10058	94
10059	94
10060	96
10061	96
10062	96
10063	96
10064	96
10065	97
10066	95
10067	97
10068	97
10069	97
10070	96
10071	97
10072	97
10073	97
10074	96
10075	94
10076	95
10077	96
10078	90
10079	96
10080	97
10081	96
10082	94
10083	95
10084	97
10085	90
10086	96
10087	97
10088	96
10089	94
10090	96
10091	95
10092	95
10093	97
10094	96
10095	96
10096	97
10097	94
10098	95
10099	96
10100	96
10101	94
10102	97
10103	96
10104	93
10105	96
10106	97
10107	98
10192	88
10212	95
10219	62
10220	55
10230	99
10246	99
10251	99
10257	78
10258	98
10269	93
10293	98
10341	99
10342	98
10343	96
10344	98
10345	99
10346	66
10347	99
10348	99
10349	99
10350	98
10351	92
10352	98
10353	98
10354	96
10355	98
10356	96
10357	99
10358	96
10359	98
10360	99
10361	96
10362	98
10363	96
10364	98
10365	98
10366	98
10367	98
10368	99
10369	99
10370	99
10371	97
10372	96
10374	98
10375	96
10377	98
10378	99
10379	47
10380	38
10381	98
10382	56
10383	99
10384	99
10385	99
10386	98
10387	97
10388	99
10389	99
10390	97
10391	99
10392	98
10393	90
10394	98
10395	95
10396	99
10398	94
10399	99
10400	98
10401	95
10402	99
10403	98
10405	96
10406	98
10407	98
10408	99
10409	98
10410	97
10411	98
10412	98
10413	95
10414	97
10415	98
10416	98
10417	97
10418	98
10419	99
10420	99
10421	94
10422	97
10423	97
10424	94
10425	96
10426	99
10427	93
10428	97
10429	97
10430	95
10431	96
10432	94
10433	97
10434	98
10435	97
10436	97
10437	98
10438	96
10439	96
10440	93
10441	98
10442	97
10443	96
10444	98
10445	98
10446	99
10447	95
10448	98
10449	98
10450	95
10451	97
10452	97
10453	96
10454	98
10455	98
10456	97
10457	96
10458	89
10459	97
10460	97
10461	96
10462	97
10463	96
10464	96
10480	61
10481	98
10595	69
10598	90
10599	98
10612	99
10616	58
10627	96
10641	63
10657	63
10670	96
10671	50
10672	50
10733	96
10734	98
10735	99
10736	97
10737	98
10739	98
10741	97
10743	96
10744	97
10745	98
10746	99
10747	94
10748	98
10749	99
10750	99
10751	99
10754	99
10755	97
10756	99
10758	99
10759	97
10761	99
10762	98
10763	98
10765	98
10767	95
10768	99
10769	98
10770	97
10771	98
10772	98
10773	95
10775	97
10776	99
10777	98
10778	99
10779	99
10780	92
10781	68
10782	44
10783	72
10784	98
10785	97
10786	50
10787	98
10788	93
10789	97
10790	98
10791	89
10792	99
10793	98
10794	97
10795	98
10796	99
10797	95
10798	96
10799	90
10800	98
10801	99
10802	93
10803	98
10804	98
10805	99
10806	96
10807	97
10808	99
10809	97
10810	99
10811	98
10817	99
10830	99
10833	96
10847	87
10854	99
10860	91
10863	80
10899	99
10904	82
10905	48
10906	97
10907	97
10908	97
10909	99
10910	95
10911	99
10914	97
10915	54
10916	99
10917	98
10920	95
10921	79
10922	71
10923	94
10925	96
10926	51
10927	99
10929	99
10931	99
10932	97
10933	97
10934	94
10935	83
10937	92
10938	98
10939	94
10950	94
10951	93
10952	99
10953	95
10954	99
10955	99
10956	99
10957	74
10958	48
10959	46
10960	47
10961	40
10962	46
10963	61
10964	50
10965	18
10966	48
10967	42
10968	23
10969	25
10970	45
10971	47
10972	55
10973	54
10974	46
10975	56
10976	44
10977	37
10978	70
10979	99
10981	90
10982	98
10983	97
10984	87
10985	74
10986	70
10987	52
10988	52
10989	52
10990	52
10991	52
10992	90
10993	92
10994	92
10995	88
10996	89
10997	93
10998	88
10999	89
11000	92
11001	89
11002	93
11003	91
11004	95
11005	92
11006	82
11009	93
11014	99
11015	99
11017	99
11018	99
11019	99
11023	99
11024	99
11025	99
11026	84
11027	99
11032	96
11033	98
11038	96
11041	99
11046	99
11047	97
11050	99
11051	99
11055	98
11056	99
11060	50
11063	98
11064	99
11065	89
11066	99
11067	99
11069	98
11070	99
11076	99
11077	99
11079	99
11080	98
11083	99
11086	99
11087	99
11088	98
11089	98
11090	99
11091	98
11092	99
11093	99
11094	99
11095	99
11096	98
11097	98
11098	97
11099	98
11100	98
11101	99
11103	99
11105	98
11109	82
11110	99
11111	98
11112	99
11113	98
11114	98
11115	99
11116	98
11117	99
11118	98
11119	99
11120	98
11121	96
11122	99
11123	97
11141	98
11153	57
11175	89
11232	55
11243	58
11285	99
11358	82
11365	90
11381	98
11413	76
11414	21
11415	35
11416	57
11417	83
11432	83
11433	52
11434	51
11435	29
11436	48
11437	80
11452	76
11453	31
11454	31
11455	45
11456	69
11529	57
11533	97
11553	95
11554	55
11555	93
11557	79
11569	99
11574	49
11581	95
11591	98
11595	98
11596	94
11597	96
11598	94
11599	95
11600	96
11601	94
11602	93
11603	90
11604	95
11605	95
11606	95
11607	94
11608	95
11609	95
11610	95
11611	94
11612	94
11613	92
11614	93
11615	92
11616	95
11617	94
11618	93
11619	94
11620	94
11621	95
11622	93
11623	94
11624	94
11625	95
11626	93
11627	94
11628	96
11629	95
11630	95
11631	93
11632	95
11633	93
11634	94
11635	95
11636	95
11637	94
11638	94
11639	94
11640	94
11641	93
11642	93
11643	94
11644	94
11645	94
11646	94
11647	89
11648	95
11649	93
11650	92
11651	92
11652	95
11653	94
11654	94
11655	93
11656	94
11657	92
11658	91
11659	93
11660	92
11661	93
11662	93
11663	92
11664	91
11665	93
11666	92
11667	83
11668	41
11669	93
11670	93
11671	93
11672	94
11673	94
11674	93
11675	93
11676	93
11677	92
11678	94
11679	94
11680	93
11681	94
11682	92
11683	93
11684	91
11685	93
11686	93
11687	93
11688	92
11689	94
11690	93
11691	92
11692	93
11693	92
11694	94
11695	93
11696	92
11697	90
11698	93
11699	93
11700	91
11701	93
11702	92
11703	92
11704	93
11705	93
11706	93
11707	93
11708	93
11709	93
11710	95
11711	93
11712	91
11713	92
11714	93
11715	92
11716	45
11717	92
11718	92
11719	94
11720	41
11721	92
11722	93
11723	93
11724	95
11725	93
11726	94
11727	95
11728	95
11729	92
11730	94
11731	88
11732	93
11733	94
11734	95
11735	95
11736	93
11737	95
11738	94
11739	96
11740	95
11741	93
11742	94
11743	95
11744	95
11745	95
11746	94
11747	95
11748	94
11749	95
11750	95
11751	95
11752	94
11753	95
11754	94
11755	95
11756	95
11757	77
11758	26
11759	38
11760	49
11761	68
11762	90
11763	88
11764	70
11765	86
11766	91
11767	92
11768	88
11769	93
11770	93
11771	94
11772	93
11773	92
11774	94
11775	93
11776	96
11777	96
11778	93
11779	94
11780	48
11781	94
11782	97
11783	94
11784	96
11785	96
11786	96
11787	96
11788	97
11789	93
11790	95
11791	96
11792	95
11793	96
11794	95
11795	96
11796	96
11797	90
11798	97
11799	97
11800	98
11801	96
11802	96
11803	99
11804	98
11805	96
11806	96
11807	96
11808	97
11809	96
11810	90
11811	96
11812	97
11813	97
11814	98
11815	98
11816	98
11817	97
11818	98
11819	98
11820	98
11821	96
11822	98
11823	87
11824	75
11825	64
11826	97
11827	68
11828	92
11829	80
11830	89
11831	98
11832	86
11833	89
11834	92
11835	94
11836	95
11837	92
11838	97
11839	92
11840	96
11841	93
11842	96
11843	73
11844	93
11845	95
11846	93
11847	99
11848	94
11849	99
11850	95
11851	97
11852	58
11853	79
11854	93
11855	99
11856	86
11857	96
11858	85
11859	94
11860	90
11861	85
11862	95
11863	47
11864	83
11865	97
11866	96
11867	91
11868	97
11869	87
11870	92
11871	90
11872	93
11873	97
11874	89
11875	92
11876	91
11877	94
11878	98
11879	53
11880	96
11881	99
11882	74
11883	67
11884	29
11885	42
11886	37
11887	20
11888	9
11889	0
11890	13
11891	0
11892	0
11893	8
11894	15
11895	9
11896	7
11897	24
11898	20
11899	18
11900	23
11901	27
11902	54
11903	46
11904	49
11905	49
11906	51
11907	48
11908	48
11909	70
11910	43
11911	46
11912	38
11913	30
11914	51
11915	73
11916	71
11917	74
11918	57
11919	62
11920	73
11921	79
11922	86
11923	97
11924	90
11925	89
11926	10
11927	28
11928	42
11929	73
11930	74
11931	71
11932	73
11933	79
11934	55
11935	30
11936	56
11937	36
11938	26
11939	7
11940	27
11941	58
11942	57
11943	55
11944	49
11945	60
11946	43
11947	68
11948	69
11949	57
11950	52
11951	68
11952	88
11953	55
11954	63
11955	42
11956	59
11957	66
11958	63
11959	60
11960	62
11961	71
11962	67
11963	65
11964	53
11965	55
11966	74
11967	71
11968	67
11969	67
11970	72
11971	73
11972	76
11973	82
11974	79
11975	80
11976	75
11977	92
11978	80
11979	27
11980	68
11981	73
11982	69
11983	67
11984	75
11985	74
11986	74
11987	79
11988	82
11989	86
11990	79
11991	84
11992	69
11993	65
11994	68
11995	71
11996	86
11997	86
11998	79
11999	75
12000	86
12001	88
12002	84
12003	87
12004	75
12005	73
12006	64
12007	67
12008	72
12009	76
12010	73
12011	77
12012	75
12013	77
12014	76
12015	71
12016	65
12017	75
12018	75
12019	79
12020	85
12021	81
12022	83
12023	44
12024	72
12025	56
12026	64
12027	28
12028	60
12029	52
12030	56
12031	65
12032	75
12033	79
12034	74
12035	63
12036	32
12037	36
12038	76
12039	76
12040	55
12041	64
12042	59
12043	53
12044	76
12045	60
12046	67
12047	76
12048	63
12049	75
12050	66
12051	57
12052	65
12053	76
12054	68
12055	83
12056	87
12057	79
12058	64
12059	84
12060	80
12061	79
12062	21
12063	30
12064	16
12065	62
12066	56
12067	64
12068	74
12069	68
12070	82
12071	87
12072	87
12073	76
12074	4
12075	27
12076	27
12077	16
12078	29
12079	19
12080	25
12081	76
12082	82
12083	94
12084	86
12085	82
12086	74
12087	58
12088	76
12089	71
12090	71
12091	82
12092	87
12093	82
12094	84
12095	80
12096	74
12097	70
12098	44
12099	76
12100	87
12101	88
12102	81
12103	58
12104	86
12105	89
12106	82
12107	95
12108	81
12109	72
12110	82
12111	75
12112	81
12113	77
12114	81
12115	82
12116	84
12117	84
12118	81
12119	81
12120	73
12121	80
12122	81
12123	85
12124	80
12125	84
12126	78
12127	83
12128	88
12129	88
12130	85
12131	55
12132	43
12133	65
12134	77
12135	79
12136	80
12137	65
12138	11
12139	40
12140	68
12141	88
12142	93
12143	85
12144	74
12145	82
12146	85
12147	64
12148	77
12149	80
12150	78
12151	79
12152	80
12153	89
12154	82
12155	83
12156	25
12157	74
12158	81
12159	70
12160	87
12161	86
12162	74
12163	83
12164	85
12165	80
12166	54
12167	33
12168	36
12169	43
12170	44
12171	49
12172	55
12173	48
12174	45
12175	49
12176	32
12177	36
12178	36
12179	32
12180	0
12181	89
12182	73
12183	71
12184	69
12185	82
12186	88
12187	87
12188	88
12189	76
12190	91
12191	84
12192	71
12193	74
12194	87
12195	70
12196	80
12197	19
12198	69
12199	69
12200	87
12201	88
12202	3
12203	11
12204	42
12205	84
12206	82
12207	80
12208	79
12209	0
12210	6
12211	70
12212	89
12213	77
12214	84
12215	86
12216	88
12217	88
12218	84
12219	87
12220	91
12221	87
12222	84
12223	83
12224	79
12225	82
12226	87
12227	91
12228	84
12229	90
12230	91
12231	40
12232	86
12233	85
12234	84
12235	75
12236	81
12237	85
12238	89
12239	74
12240	94
12241	82
12242	85
12243	38
12244	91
12245	86
12246	79
12247	86
12248	82
12249	87
12250	79
12251	72
12252	90
12253	90
12254	91
12255	89
12256	83
12257	77
12258	78
12259	84
12260	83
12261	84
12262	84
12263	82
12264	90
12265	90
12266	91
12267	90
12268	86
12269	84
12270	60
12271	84
12272	85
12273	88
12275	97
12276	85
12277	87
12278	97
12280	94
12281	87
12282	88
12283	95
12284	89
12285	93
12286	93
12287	96
12288	96
12289	85
12290	95
12291	97
12292	47
12293	89
12294	78
12295	88
12296	94
12297	51
12298	41
12299	99
12300	35
12301	91
12302	27
12303	83
12306	92
12307	92
12308	98
12309	91
12310	97
12311	99
12312	96
12313	99
12314	89
12315	97
12316	87
12317	93
12318	99
12319	89
12320	91
12321	96
12322	93
12323	94
12324	92
12325	97
12327	97
12328	86
12329	72
12331	95
12332	89
12333	98
12334	94
12335	81
12336	25
12337	30
12338	83
12339	95
12340	96
12341	98
12342	90
12344	98
12345	86
12346	92
12347	90
12348	83
12349	82
12350	82
12351	38
12352	43
12353	59
12354	84
12355	86
12356	97
12358	94
12359	19
12360	58
12361	94
12362	91
12363	93
12364	95
12365	97
12366	96
12367	92
12368	95
12369	81
12370	97
12371	97
12372	96
12373	88
12374	91
12375	94
12376	94
12378	97
12379	96
12381	65
12382	97
12383	94
12384	89
12385	92
12387	90
12388	90
12389	93
12390	84
12391	97
12392	91
12394	92
12395	90
12396	92
12397	87
12398	95
12399	80
12400	90
12401	94
12402	98
12403	93
12404	96
12405	95
12406	97
12407	87
12410	89
12411	91
12412	95
12413	94
12416	91
12418	98
12419	95
12420	92
12423	84
12424	96
12426	87
12427	97
12428	99
12429	65
12430	98
12431	96
12433	67
12436	90
12437	92
12438	96
12439	86
12440	88
12441	93
12442	77
12443	96
12444	85
12445	93
12446	85
12448	88
12449	82
12450	49
12451	40
12452	70
12453	93
12454	98
12455	93
12456	52
12457	92
12459	59
12460	49
12461	42
12462	71
12463	83
12464	89
12465	93
12466	89
12467	93
12468	99
12469	86
12470	94
12471	88
12472	93
12475	92
12476	89
12477	86
12478	89
12479	94
12480	93
12481	81
12482	69
12483	71
12484	54
12485	56
12486	97
12487	89
12488	86
12489	82
12491	85
12492	98
12493	97
12494	99
12495	98
12496	93
12497	98
12498	95
12499	63
12501	92
12502	93
12504	98
12505	96
12507	96
12508	91
12509	99
12510	98
12511	68
12512	94
12513	93
12514	96
12515	50
12517	98
12518	96
12519	94
12520	99
12521	99
12523	90
12524	94
12525	93
12526	97
12527	97
12529	94
12530	95
12531	95
12532	94
12533	99
12534	95
12535	96
12536	92
12537	96
12538	95
12539	85
12540	70
12541	97
12542	94
12543	92
12544	96
12545	89
12547	94
12548	99
12550	92
12551	97
12552	99
12553	96
12554	96
12555	95
12556	95
12557	96
12558	84
12560	92
12561	99
12563	85
12564	87
12565	87
12566	87
12567	96
12568	95
12569	95
12570	86
12571	91
12573	91
12574	96
12575	84
12576	98
12577	82
12578	91
12579	86
12580	90
12581	97
12582	92
12583	97
12584	98
12585	95
12586	92
12587	97
12588	98
12589	94
12590	96
12591	86
12592	91
12593	49
12594	75
12595	96
12596	96
12597	98
12598	94
12599	93
12601	52
12602	28
12603	64
12604	88
12605	87
12606	82
12607	91
12608	92
12609	95
12610	99
12611	98
12612	97
12613	96
12614	95
12615	88
12616	79
12617	85
12618	93
12619	44
12620	41
12621	92
12622	92
12623	91
12624	99
12625	93
12626	89
12627	99
12629	78
12630	42
12631	95
12632	92
12634	94
12635	97
12636	94
12637	93
12638	89
12639	90
12640	90
12641	92
12642	95
12643	86
12644	99
12645	72
12647	51
12648	99
12649	93
12651	98
12652	94
12654	96
12655	89
12656	90
12657	93
12658	96
12659	97
12660	91
12661	93
12662	97
12663	95
12665	98
12666	92
12667	95
12668	95
12669	87
12670	94
12671	93
12672	55
12673	91
12674	96
12675	91
12676	97
12677	98
12679	98
12680	89
12681	94
12682	85
12683	84
12684	88
12685	94
12686	95
12687	97
12688	96
12689	97
12690	97
12692	98
12693	81
12694	37
12695	98
12696	89
12697	95
12698	93
12699	76
12700	98
12702	95
12704	88
12705	92
12706	49
12707	91
12708	76
12709	95
12710	92
12711	91
12713	97
12714	97
12715	90
12716	95
12718	89
12719	85
12720	94
12721	96
12722	95
12723	95
12724	90
12725	95
12726	71
12727	92
12728	81
12729	86
12730	86
12731	75
12732	36
12733	78
12734	84
12735	84
12736	86
12737	79
12738	33
12739	84
12740	93
12741	81
12742	87
12743	88
12744	55
12745	78
12746	88
12747	85
12748	83
12749	27
12750	82
12751	89
12752	85
12753	91
12754	86
12755	82
12756	81
12757	73
12758	82
12759	51
12760	87
12761	75
12762	90
12763	92
12764	92
12765	80
12766	92
12767	86
12768	83
12769	85
12770	75
12771	78
12772	83
12773	86
12774	88
12775	86
12776	85
12777	88
12778	82
12779	95
12780	84
12781	91
12782	87
12783	82
12784	91
12785	85
12786	89
12787	84
12788	87
12789	82
12790	89
12791	74
12792	68
12793	71
12794	91
12795	84
12796	57
12797	68
12798	86
12799	86
12800	80
12801	83
12802	87
12803	89
12804	81
12805	85
12806	88
12807	75
12808	70
12809	72
12810	89
12811	24
12812	86
12813	84
12814	74
12815	80
12816	90
12817	87
12818	91
12819	86
12820	77
12821	77
12822	71
12823	85
12824	84
12825	83
12826	31
12827	75
12828	90
12829	84
12830	33
12831	89
12832	88
12833	59
12834	75
12835	71
12836	87
12837	86
12838	93
12839	88
12841	96
12843	89
12845	95
12846	93
12847	98
12848	87
12850	81
12851	28
12852	85
12854	94
12856	49
12857	30
12858	72
12859	87
12860	97
12861	70
12862	77
12863	88
12865	98
12867	93
12869	78
12870	94
12871	94
12872	94
12873	94
12874	83
12875	91
12876	89
12877	98
12878	95
12880	95
12881	97
12882	93
12884	97
12885	89
12886	96
12887	96
12888	87
12889	92
12890	88
12891	97
12893	95
12894	87
12895	91
12896	97
12897	32
12898	66
12899	91
12900	85
12902	76
12905	93
12906	95
12907	97
12908	91
12909	98
12910	96
12911	44
12912	98
12913	87
12914	97
12915	99
12917	95
12918	95
12919	38
12920	91
12922	94
12923	99
12924	99
12925	84
12926	96
12927	97
12928	99
12929	98
12930	98
12931	94
12932	87
12933	95
12934	97
12935	97
12936	96
12938	99
12939	85
12940	90
12942	99
12943	99
12944	89
12945	92
12946	94
12947	94
12949	98
12951	96
12952	95
12954	73
12955	50
12956	89
12957	94
12958	45
12959	92
12960	94
12961	96
12962	96
12963	96
12964	88
12965	99
12968	97
12969	90
12970	96
12971	88
12972	95
12973	97
12974	99
12975	95
12976	98
12977	98
12980	69
12981	91
12982	93
12983	95
12984	97
12985	97
12987	97
12990	90
12991	94
12993	99
12994	96
12995	96
12996	98
12997	98
12998	89
12999	61
13000	67
13001	86
13002	66
13003	83
13004	93
13005	82
13006	67
13007	73
13008	84
13009	94
13010	91
13011	89
13012	42
13013	91
13014	99
13015	93
13016	94
13019	95
13020	89
13021	93
13022	95
13023	90
13024	92
13025	92
13026	97
13027	95
13028	89
13029	97
13030	81
13031	95
13032	90
13033	90
13035	97
13036	98
13037	95
13038	96
13039	98
13041	48
13042	89
13043	92
13044	97
13045	89
13046	88
13047	44
13048	36
13049	97
13050	92
13051	94
13052	54
13055	46
13056	91
13057	85
13058	78
13059	97
13060	46
13061	95
13062	87
13063	44
13064	90
13065	93
13066	99
13067	48
13068	98
13069	96
13070	95
13071	51
13072	89
13073	94
13074	95
13075	89
13076	93
13077	96
13078	51
13079	94
13082	94
13083	93
13084	94
13085	99
13086	97
13087	99
13088	99
13090	97
13093	90
13094	86
13095	84
13096	93
13097	88
13098	92
13099	98
13101	88
13103	95
13104	98
13105	93
13106	91
13107	78
13108	88
13109	87
13110	81
13111	96
13112	97
13113	54
13114	99
13116	96
13117	93
13118	90
13119	95
13121	84
13122	93
13123	92
13125	95
13127	50
13129	92
13130	86
13131	91
13132	91
13133	97
13134	98
13136	99
13137	93
13138	95
13141	89
13143	91
13144	92
13145	47
13146	96
13148	81
13149	95
13150	89
13152	97
13153	93
13154	99
13155	98
13157	99
13160	94
13161	91
13162	96
13163	85
13164	95
13165	93
13166	46
13167	96
13168	93
13169	94
13170	95
13172	49
13173	99
13174	91
13177	96
13178	82
13179	90
13180	94
13181	95
13183	91
13184	58
13187	98
13188	97
13189	96
13190	93
13191	99
13192	42
13193	98
13194	99
13195	96
13196	98
13198	94
13199	99
13200	97
13202	94
13203	95
13204	95
13205	89
13206	90
13211	93
13212	93
13213	88
13214	93
13215	87
13216	90
13217	97
13218	97
13219	95
13220	75
13222	97
13223	91
13224	92
13225	87
13226	98
13227	90
13228	96
13229	91
13230	92
13231	95
13232	97
13234	99
13237	51
13238	95
13239	44
13240	98
13241	81
13242	90
13243	41
13244	98
13245	99
13248	95
13250	99
13251	40
13252	93
13253	97
13254	98
13255	92
13256	30
13257	97
13259	96
13260	98
13261	96
13263	96
13264	89
13265	96
13266	89
13267	84
13268	48
13269	95
13270	95
13271	39
13272	87
13273	61
13274	93
13275	92
13276	82
13277	87
13278	93
13279	95
13281	41
13282	96
13283	97
13285	97
13286	93
13287	53
13289	94
13290	83
13291	95
13292	79
13293	81
13294	97
13295	34
13296	89
13297	55
13298	89
13299	99
13300	98
13302	98
13303	86
13304	95
13305	94
13306	91
13307	84
13308	75
13309	82
13310	91
13311	98
13313	86
13314	88
13315	90
13316	31
13317	70
13318	79
13319	77
13320	77
13321	90
13322	76
13323	89
13324	81
13325	94
13326	93
13327	79
13328	92
13329	78
13330	83
13331	87
13332	88
13333	86
13334	89
13335	91
13336	92
13337	80
13338	82
13339	88
13340	68
13341	89
13342	86
13343	88
13344	89
13345	83
13346	83
13347	95
13348	92
13349	94
13350	86
13351	80
13352	83
13353	93
13354	91
13355	94
13356	78
13357	85
13358	89
13359	94
13360	92
13361	81
13362	84
13363	90
13364	90
13365	92
13366	86
13367	61
13368	89
13369	85
13370	81
13371	85
13372	66
13373	79
13374	84
13375	85
13376	91
13377	97
13378	81
13379	92
13380	88
13381	92
13382	78
13383	82
13384	94
13385	62
13386	40
13387	26
13388	76
13389	74
13390	80
13391	78
13392	88
13393	84
13394	83
13395	86
13396	79
13397	78
13398	75
13399	89
13400	81
13401	87
13402	71
13403	86
13404	79
13405	87
13406	87
13407	88
13408	81
13409	84
13410	76
13411	33
13412	85
13413	78
13414	11
13415	35
13416	63
13417	71
13418	85
13419	78
13420	91
13421	87
13422	82
13423	70
13424	77
13425	85
13426	74
13427	85
13428	85
13429	88
13430	76
13431	68
13432	91
13433	88
13434	82
13435	77
13436	79
13437	79
13438	78
13439	69
13440	87
13441	88
13442	85
13443	87
13444	86
13445	84
13446	93
13447	90
13448	78
13449	83
13450	65
13451	78
13452	80
13453	87
13454	86
13455	83
13456	86
13457	94
13458	86
13459	90
13460	80
13461	81
13462	84
13463	73
13464	88
13465	76
13466	87
13467	27
13468	65
13469	24
13470	74
13471	83
13472	94
13473	87
13474	73
13475	80
13476	73
13477	54
13478	75
13479	82
13480	86
13481	87
13482	86
13483	84
13484	85
13485	86
13486	84
13487	78
13488	86
13489	86
13490	81
13491	86
13492	76
13493	84
13494	89
13495	81
13496	91
13497	81
13498	87
13499	85
13500	36
13501	86
13502	68
13503	83
13504	86
13505	76
13506	81
13507	93
13508	81
13509	88
13510	85
13511	72
13512	88
13513	76
13514	83
13515	84
13516	83
13517	83
13518	86
13519	83
13520	94
13521	86
13522	80
13523	89
13524	75
13525	88
13526	77
13527	79
13528	82
13529	88
13530	85
13531	83
13532	80
13533	89
13534	81
13535	74
13536	84
13537	77
13538	75
13539	80
13540	26
13541	77
13542	73
13543	91
13544	92
13545	81
13546	81
13547	86
13548	83
13549	88
13550	87
13551	87
13552	87
13553	94
13554	79
13555	87
13556	80
13557	86
13558	87
13559	73
13560	87
13561	32
13562	85
13563	84
13564	31
13565	75
13566	90
13567	89
13568	97
13569	87
13570	86
13571	72
13572	45
13573	76
13574	0
13575	45
13576	85
13577	86
13578	86
13579	86
13580	87
13581	84
13582	94
13583	93
13584	87
13585	80
13586	87
13587	88
13588	89
13589	91
13590	75
13591	77
13592	84
13593	87
13594	82
13595	86
13596	87
13597	85
13598	78
13599	85
13600	89
13601	89
13602	91
13603	84
13604	91
13605	81
13606	92
13607	85
13608	89
13609	76
13610	83
13611	86
13612	87
13613	88
13614	86
13615	41
13616	31
13617	73
13618	67
13619	76
13620	88
13621	78
13622	27
13623	57
13624	80
13625	77
13626	94
13627	89
13628	92
13629	79
13630	85
13631	85
13632	78
13633	72
13634	88
13635	89
13636	85
13637	88
13638	82
13639	91
13640	85
13641	89
13642	71
13643	23
13644	54
13645	81
13646	87
13647	87
13648	90
13649	85
13650	94
13651	79
13652	93
13653	34
13654	82
13655	27
13656	80
13657	87
13658	90
13659	68
13660	92
13661	92
13662	87
13663	91
13664	30
13665	73
13666	81
13667	76
13668	76
13669	80
13670	81
13671	18
13672	74
13673	72
13674	91
13675	77
13676	94
13677	68
13678	86
13679	78
13680	79
13681	26
13682	16
13683	77
13684	87
13685	80
13686	88
13687	92
13688	88
13689	84
13690	93
13691	84
13692	28
13693	89
13694	39
13695	15
13696	55
13697	0
13698	47
13699	72
13700	91
13701	20
13702	43
13703	84
13704	73
13705	80
13706	78
13707	79
13708	86
13709	79
13710	89
13711	77
13712	79
13713	89
13714	87
13715	90
13716	90
13717	85
13718	85
13719	88
13720	83
13721	84
13722	77
13723	80
13724	91
13725	87
13726	94
13727	84
13728	85
13729	65
13730	75
13731	84
13732	79
13733	27
13734	89
13735	86
13736	79
13737	79
13738	87
13739	93
13740	92
13741	76
13742	82
13743	84
13744	83
13745	81
13746	90
13747	77
13748	88
13749	88
13750	96
13751	80
13752	75
13753	83
13754	79
13755	89
13756	84
13757	88
13758	77
13759	78
13760	83
13761	30
13762	71
13763	86
13764	77
13765	82
13766	78
13767	85
13768	87
13769	85
13770	88
13771	87
13772	90
13773	55
13774	84
13775	78
13776	91
13777	87
13778	68
13779	79
13780	85
13781	80
13782	76
13783	81
13784	85
13785	87
13786	79
13787	68
13788	80
13789	91
13790	68
13791	81
13792	90
13793	88
13794	81
13795	85
13796	80
13797	90
13798	73
13799	89
13800	91
13801	80
13802	70
13803	38
13804	73
13805	89
13806	80
13807	85
13808	92
13809	79
13810	88
13811	80
13812	69
13813	76
13814	74
13815	75
13816	71
13817	75
13818	72
13819	84
13820	79
13821	84
13822	75
13823	85
13824	81
13825	75
13826	81
13827	72
13828	64
13829	82
13830	85
13831	78
13832	82
13833	74
13834	80
13835	72
13836	76
13837	80
13838	72
13839	73
13840	57
13841	77
13842	74
13843	86
13844	87
13845	81
13846	83
13847	93
13848	81
13849	67
13850	82
13851	78
13852	35
13853	68
13854	89
13855	82
13856	89
13857	89
13858	92
13859	81
13860	90
13861	85
13862	82
13863	77
13864	89
13865	40
13866	44
13867	87
13868	73
13869	73
13870	77
13871	93
13872	86
13873	87
13874	76
13875	73
13876	88
13877	77
13878	72
13879	59
13880	22
13881	73
13882	81
13883	88
13884	81
13885	76
13886	81
13887	77
13888	85
13889	87
13890	90
13891	72
13892	63
13893	86
13894	73
13895	92
13896	79
13897	84
13898	71
13899	71
13900	80
13901	81
13902	86
13903	72
13904	86
13905	79
13906	92
13907	82
13908	79
13909	71
13910	87
13911	85
13912	74
13913	83
13914	80
13915	78
13916	79
13917	91
13918	75
13919	87
13920	87
13921	89
13922	67
13923	80
13924	85
13925	75
13926	82
13927	88
13928	81
13929	76
13930	83
13931	44
13932	90
13933	86
13934	55
13935	87
13936	87
13937	84
13938	82
13939	79
13940	82
13941	83
13942	74
13943	78
13944	65
13945	76
13946	86
13947	87
13948	62
13949	90
13950	84
13951	84
13952	77
13953	86
13954	90
13955	85
13956	83
13957	75
13958	88
13959	89
13960	91
13961	86
13962	76
13963	76
13964	82
13965	78
13966	81
13967	86
13968	23
13969	80
13970	74
13971	89
13972	69
13973	90
13974	88
13975	82
13976	86
13977	77
13979	67
13980	84
13981	82
13982	90
13983	86
13984	90
13985	88
13986	87
13987	88
13988	93
13989	89
13990	85
13991	70
13992	76
13993	52
13994	81
13995	88
13996	77
13997	84
13998	70
13999	89
14000	73
14001	91
14002	88
14003	60
14004	86
14005	83
14006	88
14007	68
14008	72
14009	77
14010	88
14011	84
14012	88
14013	89
14014	85
14015	76
14016	78
14017	82
14018	83
14019	79
14020	86
14021	88
14022	80
14023	90
14024	80
14025	86
14026	82
14027	57
14028	62
14029	30
14030	50
14031	80
14032	85
14033	88
14034	84
14035	63
14036	76
14037	83
14038	86
14039	75
14040	84
14041	77
14042	88
14043	76
14044	87
14045	89
14046	86
14047	92
14048	55
14049	57
14050	68
14051	50
14052	75
14053	87
14054	91
14055	91
14056	87
14057	91
14058	88
14059	95
14060	91
14061	70
14062	72
14063	80
14064	69
14065	68
14066	81
14067	74
14068	79
14069	80
14070	83
14071	80
14072	80
14073	74
14074	78
14075	87
14076	71
14077	65
14078	82
14079	87
14080	80
14081	82
14082	85
14083	83
14084	84
14085	90
14086	84
14087	78
14088	57
14089	76
14090	77
14091	80
14092	84
14093	79
14094	90
14095	85
14096	89
14097	81
14098	91
14099	85
14100	74
14101	78
14102	69
14103	62
14104	77
14105	57
14106	79
14107	85
14108	65
14109	91
14110	72
14111	80
14112	82
14113	77
14114	85
14115	84
14116	85
14117	81
14118	82
14119	76
14120	86
14121	76
14122	82
14123	82
14124	78
14125	79
14126	74
14127	82
14128	84
14129	65
14130	85
14131	86
14132	82
14133	87
14134	76
14135	85
14136	34
14137	28
14138	31
14139	49
14140	63
14141	63
14142	87
14143	89
14144	88
14145	78
14146	82
14147	81
14148	75
14149	78
14150	79
14151	80
14152	79
14153	41
14154	63
14155	48
14156	78
14157	88
14158	79
14159	82
14160	61
14161	64
14162	77
14163	79
14164	75
14165	80
14166	73
14167	78
14168	82
14169	75
14170	81
14171	84
14172	74
14173	72
14174	70
14175	81
14176	82
14177	89
14178	72
14179	83
14180	78
14181	83
14182	81
14183	92
14184	80
14185	75
14186	79
14187	84
14188	82
14189	83
14190	79
14191	85
14192	85
14193	85
14194	96
14195	82
14196	83
14197	59
14198	82
14199	84
14200	85
14201	74
14202	84
14203	91
14204	82
14205	72
14206	82
14207	82
14208	68
14209	65
14210	47
14211	71
14212	72
14213	71
14214	76
14215	77
14216	88
14217	87
14218	84
14219	63
14220	73
14221	74
14222	69
14223	80
14224	0
14225	35
14226	68
14227	73
14228	69
14229	77
14230	78
14231	81
14232	79
14233	71
14234	76
14235	85
14236	78
14237	83
14238	79
14239	73
14240	80
14241	79
14242	84
14243	85
14244	72
14245	58
14246	70
14247	79
14248	82
14249	65
14250	79
14251	70
14252	83
14253	82
14254	85
14255	83
14256	82
14257	69
14258	60
14259	49
14260	73
14261	83
14262	66
14263	71
14264	69
14265	78
14266	83
14267	86
14268	79
14269	78
14270	71
14271	76
14272	61
14273	68
14274	76
14275	76
14276	77
14277	88
14278	86
14279	88
14280	91
14281	88
14282	96
14283	85
14284	89
14285	72
14286	70
14287	80
14288	86
14289	89
14290	82
14291	90
14292	88
14293	89
14294	83
14295	97
14296	91
14297	86
14298	89
14299	82
14300	86
14301	92
14302	93
14303	92
14304	97
14305	89
14306	89
14307	82
14308	80
14309	87
14310	35
14311	83
14312	76
14313	26
14314	71
14315	45
14316	92
14317	97
14318	85
14319	95
14320	93
14321	88
14322	85
14323	21
14324	41
14325	71
14326	94
14327	84
14328	94
14329	92
14330	91
14331	89
14332	92
14333	96
14334	82
14335	85
14336	93
14337	89
14338	81
14339	84
14340	93
14341	98
14342	88
14343	98
14345	86
14346	85
14347	92
14348	92
14349	95
14350	66
14351	87
14352	35
14353	75
14354	93
14355	41
14356	87
14357	87
14358	82
14359	82
14360	88
14361	88
14362	73
14363	69
14364	77
14365	97
14366	95
14367	96
14368	95
14369	95
14370	92
14371	88
14372	95
14373	93
14374	86
14375	90
14376	97
14377	89
14378	95
14379	90
14380	82
14381	89
14382	80
14383	92
14384	89
14385	91
14386	78
14387	85
14388	86
14389	87
14390	76
14391	99
14392	95
14393	82
14394	93
14395	85
14396	96
14397	88
14398	95
14399	90
14400	88
14401	82
14402	92
14403	93
14404	94
14405	89
14406	87
14407	85
14408	86
14409	86
14410	88
14411	89
14412	91
14413	92
14414	87
14415	97
14416	65
14417	75
14418	91
14419	75
14420	79
14421	90
14422	89
14423	88
14424	96
14425	90
14426	92
14427	88
14429	89
14430	87
14431	89
14432	80
14433	85
14434	85
14435	94
14436	95
14437	90
14438	84
14439	96
14440	84
14441	96
14442	81
14443	82
14444	88
14445	82
14446	91
14447	90
14448	90
14449	96
14450	91
14451	89
14452	95
14453	81
14454	90
14455	55
14456	82
14457	78
14458	0
14459	50
14460	83
14461	91
14462	86
14463	82
14464	88
14465	86
14466	76
14467	36
14468	34
14469	30
14470	38
14471	60
14472	88
14473	86
14474	92
14475	67
14476	91
14477	83
14478	90
14479	83
14480	83
14481	86
14482	87
14483	79
14484	83
14485	74
14486	82
14487	89
14488	81
14489	91
14490	91
14491	96
14492	74
14493	84
14494	77
14495	80
14496	86
14497	92
14498	91
14499	86
14500	88
14501	91
14502	82
14503	95
14504	85
14505	70
14506	78
14507	84
14508	83
14509	84
14510	68
14511	81
14512	88
14513	79
14514	88
14515	84
14516	94
14517	83
14518	73
14519	83
14520	75
14521	81
14522	83
14523	84
14524	65
14525	88
14526	79
14527	90
14528	5
14529	49
14530	84
14531	76
14532	85
14533	88
14534	83
14535	83
14536	91
14537	83
14538	95
14539	34
14540	94
14541	91
14542	61
14543	45
14544	35
14545	67
14546	53
14547	39
14548	27
14549	38
14550	59
14551	73
14552	73
14553	54
14554	67
14555	67
14556	59
14557	58
14558	0
14559	31
14560	59
14561	64
14562	80
14563	76
14564	77
14565	78
14566	72
14567	68
14568	86
14569	87
14570	52
14571	64
14572	62
14573	56
14574	22
14575	74
14576	70
14577	69
14578	75
14579	75
14580	83
14581	64
14582	71
14583	59
14584	66
14585	65
14586	66
14587	70
14588	70
14589	82
14590	75
14591	81
14592	82
14593	60
14594	70
14595	68
14596	69
14597	72
14598	73
14599	70
14600	77
14601	80
14602	81
14603	80
14604	68
14605	81
14606	73
14607	69
14608	66
14609	73
14610	64
14611	77
14612	84
14613	74
14614	75
14615	78
14616	76
14617	79
14618	70
14619	71
14620	60
14621	64
14622	68
14623	80
14624	69
14625	79
14626	79
14627	84
14628	77
14629	64
14630	67
14631	62
14632	59
14633	76
14634	77
14635	72
14636	70
14637	63
14638	67
14639	74
14640	80
14641	83
14642	80
14643	74
14644	85
14645	80
14646	75
14647	58
14648	62
14649	70
14650	82
14651	75
14652	76
14653	73
14654	80
14655	72
14656	80
14657	79
14658	57
14659	65
14660	63
14661	69
14662	72
14663	77
14664	50
14665	76
14666	72
14667	76
14668	78
14669	69
14670	59
14671	58
14672	66
14673	66
14674	69
14675	77
14676	71
14677	60
14678	55
14679	59
14680	81
14681	83
14682	61
14683	71
14684	82
14685	68
14686	75
14687	0
14688	53
14689	75
14690	74
14691	72
14692	79
14693	78
14694	65
14695	72
14696	70
14697	53
14698	73
14699	71
14700	36
14701	38
14702	73
14703	70
14704	73
14705	73
14706	79
14707	70
14708	72
14709	63
14710	62
14711	69
14712	64
14713	62
14714	70
14715	0
14716	16
14717	34
14718	50
14719	80
14720	82
14721	87
14722	65
14723	80
14724	86
14725	72
14726	60
14727	72
14728	34
14729	31
14730	85
14731	62
14732	73
14733	45
14734	79
14735	86
14736	66
14737	62
14738	59
14739	71
14740	78
14741	72
14742	79
14743	80
14744	69
14745	84
14746	83
14747	77
14748	72
14749	46
14750	69
14751	64
14752	9
14753	77
14754	78
14755	55
14756	81
14757	72
14758	80
14759	73
14760	75
14761	65
14762	61
14763	64
14764	74
14765	79
14766	60
14767	67
14768	53
14769	65
14770	65
14771	77
14772	72
14773	71
14774	72
14775	70
14776	74
14777	0
14778	22
14779	79
14780	68
14781	74
14782	64
14783	42
14784	65
14785	65
14786	80
14787	57
14788	66
14789	73
14790	59
14791	0
14792	51
14793	70
14794	70
14795	63
14796	75
14797	69
14798	78
14799	76
14800	80
14801	78
14802	74
14803	64
14804	56
14805	67
14806	42
14807	51
14808	68
14809	80
14810	78
14811	78
14812	88
14813	67
14814	75
14815	73
14816	61
14817	72
14818	72
14819	75
14820	76
14821	79
14822	72
14823	42
14824	0
14825	45
14826	76
14827	68
14828	65
14829	54
14830	61
14831	74
14832	75
14833	76
14834	65
14835	71
14836	66
14837	53
14838	79
14839	78
14840	65
14841	71
14842	65
14843	55
14844	80
14845	79
14846	65
14847	80
14848	75
14849	88
14850	67
14851	78
14852	64
14853	51
14854	69
14855	54
14856	55
14857	67
14858	56
14859	59
14860	76
14861	75
14862	75
14863	69
14864	79
14865	59
14866	72
14867	68
14868	70
14869	60
14870	57
14871	64
14872	56
14873	70
14874	76
14875	84
14876	82
14877	56
14878	66
14879	59
14880	70
14881	73
14882	69
14883	72
14884	66
14885	69
14886	67
14887	54
14888	57
14889	81
14890	75
14891	78
14892	70
14893	70
14894	78
14895	42
14896	79
14897	70
14898	73
14899	64
14900	80
14901	73
14902	75
14903	71
14904	59
14905	63
14906	63
14907	76
14908	5
14909	84
14910	94
14911	87
14912	81
14914	99
14915	90
14916	89
14917	17
14918	86
14919	87
14920	83
14921	87
14922	87
14923	93
14924	89
14925	93
14926	87
14927	80
14928	79
14929	86
14930	86
14931	95
14932	73
14933	95
14934	85
14935	90
14936	77
14937	74
14938	98
14939	82
14940	84
14941	87
14942	68
14943	84
14944	86
14945	72
14946	91
14947	78
14948	83
14949	90
14950	93
14951	90
14952	86
14953	88
14954	77
14955	84
14956	91
14957	88
14958	88
14959	95
14960	93
14961	91
14962	78
14963	76
14964	86
14965	84
14966	81
14967	73
14968	2
14969	49
14970	84
14971	91
14972	84
14973	85
14974	94
14975	87
14976	77
14977	66
14978	67
14979	81
14980	52
14981	82
14982	88
14983	87
14984	95
14985	93
14986	75
14987	90
14988	87
14989	82
14990	90
14991	52
14992	72
14993	86
14994	81
14995	87
14996	80
14997	77
14998	88
14999	74
15000	90
15001	87
15002	91
15003	84
15004	61
15005	49
15006	63
15007	75
15008	87
15009	88
15010	82
15011	95
15012	91
15013	82
15014	87
15015	77
15016	97
15017	82
15018	85
15019	71
15020	87
15021	78
15022	89
15023	77
15024	76
15025	82
15026	88
15027	89
15028	91
15029	90
15030	85
15031	81
15032	82
15033	82
15034	75
15035	87
15036	82
15037	86
15038	89
15039	92
15040	77
15041	84
15042	90
15043	58
15044	76
15045	67
15046	55
15047	2
15048	24
15049	79
15050	81
15051	80
15052	86
15053	83
15054	91
15055	80
15056	84
15057	79
15058	64
15059	83
15060	82
15061	75
15062	72
15063	74
15064	70
15065	68
15066	81
15067	70
15068	71
15069	48
15070	50
15071	62
15072	60
15073	73
15074	72
15075	46
15076	76
15077	74
15078	75
15079	63
15080	78
15081	43
15082	54
15083	67
15084	69
15085	70
15086	69
15087	70
15088	61
15089	73
15090	69
15091	75
15092	80
15093	75
15094	54
15095	49
15096	37
15097	41
15098	72
15099	70
15100	71
15101	58
15102	75
15103	68
15104	70
15105	63
15106	55
15107	69
15108	62
15109	61
15110	69
15111	72
15112	64
15113	59
15114	70
15115	67
15116	63
15117	56
15118	75
15119	54
15120	70
15121	66
15122	52
15123	65
15124	67
15125	74
15126	79
15127	70
15128	64
15129	72
15130	67
15131	69
15132	75
15133	59
15134	67
15135	70
15136	68
15137	76
15138	73
15139	74
15140	67
15141	65
15142	60
15143	65
15144	71
15145	59
15146	60
15147	80
15148	62
15149	64
15150	30
15151	43
15152	66
15153	65
15154	60
15155	62
15156	67
15157	66
15158	58
15159	62
15160	64
15161	78
15162	62
15163	65
15164	61
15165	69
15166	73
15167	62
15168	57
15169	59
15170	57
15171	62
15172	66
15173	73
15174	76
15175	70
15176	59
15177	75
15178	66
15179	69
15180	64
15181	54
15182	50
15183	59
15184	72
15185	63
15186	60
15187	66
15188	76
15189	68
15190	76
15191	63
15192	60
15193	68
15194	68
15195	74
15196	66
15197	62
15198	54
15199	75
15200	55
15201	63
15202	54
15203	65
15204	60
15205	0
15206	52
15207	54
15208	75
15209	73
15210	68
15211	69
15212	62
15213	69
15214	74
15215	80
15216	54
15217	56
15218	62
15219	70
15220	65
15221	55
15222	56
15223	70
15224	75
15225	80
15226	75
15227	65
15228	59
15229	53
15230	71
15231	65
15232	75
15233	72
15234	64
15235	67
15236	78
15237	58
15238	64
15239	70
15240	62
15241	60
15242	70
15243	55
15244	75
15245	68
15246	69
15247	78
15248	63
15249	82
15250	72
15251	81
15252	55
15253	0
15254	24
15255	54
15256	67
15257	73
15258	80
15259	67
15260	66
15261	76
15262	88
15263	75
15264	60
15265	50
15266	79
15267	77
15268	73
15269	70
15270	72
15271	72
15272	60
15273	83
15274	71
15275	82
15276	4
15277	74
15278	77
15279	72
15280	70
15281	64
15282	80
15283	82
15284	80
15285	82
15286	80
15287	69
15288	83
15289	78
15290	59
15291	47
15292	0
15293	46
15294	74
15295	71
15296	80
15297	69
15298	70
15299	68
15300	75
15301	75
15302	68
15303	80
15304	65
15305	59
15306	40
15307	65
15308	68
15309	77
15310	78
15311	60
15312	78
15313	71
15314	76
15315	83
15316	83
15317	82
15318	78
15319	54
15320	59
15321	77
15322	75
15323	76
15324	69
15325	65
15326	69
15327	65
15328	78
15329	80
15330	73
15331	62
15332	68
15333	78
15334	74
15335	84
15336	84
15337	73
15338	74
15339	84
15340	88
15341	80
15342	78
15343	69
15344	71
15345	80
15346	74
15347	78
15348	84
15349	79
15350	82
15351	68
15352	85
15353	78
15354	68
15355	55
15356	68
15357	73
15358	81
15359	82
15360	45
15361	82
15362	75
15363	78
15364	69
15365	67
15366	80
15367	60
15368	77
15369	71
15370	79
15371	66
15372	63
15373	77
15374	76
15375	70
15376	81
15377	78
15378	63
15379	72
15380	56
15381	47
15382	63
15383	0
15384	39
15385	74
15386	81
15387	84
15388	80
15389	54
15390	70
15391	77
15392	77
15393	78
15394	88
15395	53
15396	55
15397	67
15398	76
15399	0
15400	43
15401	79
15402	83
15403	68
15404	76
15405	74
15406	72
15407	70
15408	75
15409	46
15410	42
15411	78
15412	40
15413	67
15414	75
15415	73
15416	57
15417	81
15418	81
15419	60
15420	61
15421	82
15422	79
15423	63
15424	55
15425	65
15426	55
15427	74
15428	82
15429	79
15430	85
15431	69
15432	79
15433	73
15434	73
15435	68
15436	75
15437	66
15438	77
15439	73
15440	79
15441	55
15442	72
15443	81
15444	77
15445	91
15446	79
15447	69
15448	75
15449	77
15450	75
15451	83
15452	85
15453	84
15454	83
15455	65
15456	78
15457	75
15458	82
15459	71
15460	74
15461	71
15462	68
15463	64
15464	37
15465	69
15466	72
15467	72
15468	76
15469	77
15470	76
15471	80
15472	78
15473	73
15474	65
15475	65
15476	65
15477	74
15478	2
15479	62
15480	84
15481	76
15482	79
15483	71
15484	76
15485	71
15486	68
15487	68
15488	69
15489	71
15490	73
15491	79
15492	84
15493	68
15494	70
15495	80
15496	68
15497	75
15498	69
15499	53
15500	52
15501	69
15502	78
15503	72
15504	57
15505	57
15506	77
15507	62
15508	75
15509	75
15510	75
15511	68
15512	60
15513	52
15514	34
15515	44
15516	60
15517	61
15518	67
15519	54
15520	67
15521	76
15522	70
15523	79
15524	54
15525	68
15526	55
15527	76
15528	70
15529	71
15530	76
15531	0
15532	4
15533	69
15534	77
15535	58
15536	76
15537	76
15538	88
15539	64
15540	65
15541	49
15542	61
15543	70
15544	57
15545	68
15546	71
15547	38
15548	68
15549	83
15550	80
15551	82
15552	60
15553	66
15554	68
15555	54
15556	19
15557	80
15558	61
15559	62
15560	0
15561	29
15562	74
15563	74
15564	79
15565	68
15566	67
15567	60
15568	64
15569	57
15570	59
15571	55
15572	52
15573	46
15574	50
15575	38
15576	57
15577	54
15578	15
15579	10
15580	21
15581	13
15582	12
15583	45
15584	17
15585	23
15586	49
15587	52
15588	59
15589	60
15590	71
15591	76
15592	82
15593	70
15594	60
15595	82
15596	70
15597	78
15598	93
15599	67
15600	65
15601	80
15602	86
15603	82
15604	70
15605	3
15606	17
15607	82
15608	91
15609	96
15610	88
15611	63
15612	87
15613	89
15614	86
15615	85
15616	61
15617	67
15618	73
15619	91
15620	82
15621	29
15622	54
15623	91
15624	93
15625	85
15626	78
15627	74
15628	93
15629	90
15630	85
15631	86
15632	52
15633	37
15634	36
15635	76
15636	52
15637	92
15638	77
15639	65
15640	72
15641	93
15642	92
15643	52
15644	86
15645	89
15646	92
15647	87
15648	81
15649	90
15650	86
15651	72
15652	75
15653	86
15654	73
15655	81
15656	84
15657	89
15658	92
15659	82
15660	83
15661	69
15662	83
15663	88
15664	80
15665	70
15666	84
15667	92
15668	47
15669	49
15670	72
15671	42
15672	73
15673	47
15674	49
15675	56
15676	47
15677	45
15678	23
15679	29
15680	39
15681	35
15682	26
15683	34
15684	28
15685	17
15686	26
15687	14
15688	37
15689	37
15690	24
15691	8
15692	42
15693	35
15694	59
15695	47
15696	0
15697	41
15698	63
15699	64
15700	57
15701	29
15702	13
15703	11
15704	35
15705	17
15706	16
15707	18
15708	46
15709	31
15710	24
15711	30
15712	43
15713	26
15714	5
15715	24
15716	20
15717	16
15718	53
15719	11
15720	29
15721	16
15722	45
15723	17
15724	44
15725	55
15726	66
15727	80
15728	76
15729	84
15730	0
15731	2
15732	25
15733	39
15734	82
15735	81
15736	81
15737	82
15738	84
15739	82
15740	86
15741	61
15742	57
15743	59
15744	45
15745	74
15746	75
15747	82
15748	77
15749	61
15750	48
15751	30
15752	66
15753	54
15754	80
15755	80
15756	69
15757	49
15758	70
15759	68
15760	83
15761	72
15762	74
15763	82
15764	75
15765	53
15766	69
15767	69
15768	73
15769	72
15770	77
15771	70
15772	70
15773	68
15774	78
15775	83
15776	63
15777	65
15778	60
15779	59
15780	74
15781	74
15782	72
15783	73
15784	73
15785	66
15786	66
15787	75
15788	68
15789	67
15790	80
15791	89
15792	91
15793	86
15794	66
15795	87
15796	92
15797	85
15798	81
15799	71
15800	87
15801	83
15802	76
15803	86
15804	89
15805	77
15806	91
15807	87
15808	48
15809	72
15810	71
15811	77
15812	66
15813	69
15814	84
15815	77
15816	79
15817	87
15818	75
15819	72
15820	86
15821	83
15822	87
15823	84
15824	16
15825	32
15826	29
15827	35
15828	64
15829	86
15830	92
15831	74
15832	89
15833	86
15834	46
15835	63
15836	85
15837	74
15838	81
15839	77
15840	82
15841	81
15842	78
15843	89
15844	77
15845	83
15846	81
15847	92
15848	93
15849	76
15850	25
15851	87
15852	62
15853	72
15854	78
15855	84
15856	89
15857	88
15858	90
15859	92
15860	93
15861	88
15862	84
15863	80
15864	84
15865	81
15866	82
15867	76
15868	82
15869	90
15870	81
15871	75
15872	87
15873	79
15874	95
15875	82
15876	78
15877	19
15878	79
15879	78
15880	82
15881	80
15882	86
15883	63
15884	90
15885	82
15886	81
15887	19
15888	67
15889	85
15890	26
15891	62
15892	82
15893	78
15894	77
15895	86
15896	70
15897	75
15898	80
15899	89
15900	87
15901	77
15902	72
15903	83
15904	85
15905	11
15906	67
15907	75
15908	87
15909	83
15910	92
15911	83
15912	68
15913	75
15914	72
15915	75
15916	80
15917	78
15918	82
15919	84
15920	81
15921	89
15922	89
15923	73
15924	75
15925	72
15926	75
15927	75
15928	87
15929	84
15930	88
15931	79
15932	84
15933	89
15934	94
15935	78
15936	18
15937	76
15938	74
15939	86
15940	80
15941	87
15942	81
15943	84
15944	84
15945	91
15946	85
15947	81
15948	79
15949	66
15950	86
15951	82
15952	81
15953	81
15954	75
15955	85
15956	87
15957	84
15958	68
15959	73
15960	72
15961	78
15962	79
15963	75
15964	83
15965	74
15966	84
15967	85
15968	85
15969	92
15970	83
15971	65
15972	64
15973	71
15974	79
15975	76
15976	88
15977	84
15978	87
15979	80
15980	88
15981	90
15982	80
15983	79
15984	80
15985	72
15986	84
15987	80
15988	72
15989	81
15990	87
15991	79
15992	90
15993	90
15994	80
15995	80
15996	76
15997	85
15998	78
15999	81
16000	86
16001	83
16002	79
16003	90
16004	82
16005	85
16006	72
16007	83
16008	75
16009	83
16010	84
16011	81
16012	87
16013	84
16014	81
16015	81
16016	84
16017	89
16018	81
16019	78
16020	87
16021	90
16022	90
16023	78
16024	72
16025	86
16026	87
16027	90
16028	62
16029	80
16030	84
16031	69
16032	84
16033	82
16034	89
16035	79
16036	86
16037	80
16038	83
16039	79
16040	88
16041	82
16042	77
16043	79
16044	85
16045	86
16046	83
16047	67
16048	89
16049	92
16050	83
16051	90
16052	89
16053	80
16054	56
16055	76
16056	70
16057	84
16058	82
16059	50
16060	63
16061	56
16062	92
16063	78
16064	58
16065	79
16066	75
16067	75
16068	65
16069	72
16070	80
16071	84
16072	80
16073	95
16074	84
16075	87
16076	80
16077	93
16078	83
16079	32
16080	70
16081	84
16082	85
16083	81
16084	79
16085	77
16086	91
16087	91
16088	83
16089	88
16090	77
16091	84
16092	81
16093	85
16094	81
16095	86
16096	88
16097	85
16098	86
16099	94
16100	90
16101	93
16102	85
16103	81
16104	66
16105	81
16106	86
16107	77
16108	81
16109	79
16110	88
16111	89
16112	94
16113	89
16114	86
16115	77
16116	68
16117	84
16118	88
16119	91
16120	87
16121	87
16122	86
16123	90
16124	87
16125	96
16126	83
16127	83
16128	85
16129	87
16130	27
16131	83
16132	85
16133	86
16134	96
16135	86
16136	88
16137	91
16138	94
16139	89
16140	82
16141	84
16142	74
16143	81
16144	75
16145	80
16146	84
16147	88
16148	83
16149	89
16150	91
16151	93
16152	84
16153	78
16154	89
16155	76
16156	84
16157	79
16158	75
16159	89
16160	93
16161	90
16162	85
16163	87
16164	84
16165	88
16166	82
16167	86
16168	70
16169	88
16170	87
16171	87
16172	83
16173	83
16174	88
16175	95
16176	87
16177	95
16178	70
16179	39
16180	30
16181	81
16182	22
16183	82
16184	69
16185	0
16186	20
16187	53
16188	62
16189	75
16190	76
16191	93
16192	90
16193	73
16194	37
16195	79
16196	86
16197	87
16198	95
16199	86
16200	88
16201	72
16202	95
16203	98
16204	82
16205	84
16206	38
16207	89
16208	83
16209	83
16210	80
16211	75
16212	89
16213	95
16214	89
16215	87
16216	93
16217	81
16218	90
16219	71
16220	78
16221	83
16222	73
16223	82
16224	84
16225	84
16226	86
16227	76
16228	89
16229	87
16230	87
16231	86
16232	78
16233	66
16234	84
16235	79
16236	68
16237	84
16238	71
16239	87
16240	89
16241	87
16242	93
16243	79
16244	77
16245	86
16246	84
16247	88
16248	86
16249	89
16250	88
16251	86
16252	92
16253	81
16254	85
16255	74
16256	69
16257	72
16258	88
16259	28
16260	86
16261	92
16262	82
16263	87
16264	86
16265	94
16266	89
16267	27
16268	82
16269	84
16270	89
16271	80
16272	78
16273	86
16274	83
16275	85
16276	84
16277	80
16278	93
16279	88
16280	75
16281	79
16282	80
16283	80
16284	80
16285	16
16286	83
16287	20
16288	41
16289	72
16290	84
16291	89
16292	79
16293	77
16294	72
16295	72
16296	17
16297	0
16298	26
16299	48
16300	82
16301	0
16302	13
16303	75
16304	9
16305	70
16306	83
16307	77
16308	82
16309	73
16310	85
16311	78
16312	68
16313	80
16314	63
16315	86
16316	87
16317	76
16318	79
16319	89
16320	82
16321	92
16322	88
16323	86
16324	86
16325	82
16326	79
16327	85
16328	62
16329	20
16330	20
16331	28
16332	11
16333	46
16334	38
16335	68
16336	75
16337	79
16338	77
16339	71
16340	88
16341	85
16342	80
16343	75
16344	72
16345	82
16346	80
16347	86
16348	80
16349	60
16350	34
16351	29
16352	18
16353	22
16354	34
16355	19
16356	68
16357	19
16358	62
16359	76
16360	87
16361	88
16362	82
16363	83
16364	80
16365	79
16366	2
16367	25
16368	52
16369	90
16370	16
16371	29
16372	39
16373	18
16374	20
16375	14
16376	16
16377	72
16378	80
16379	90
16380	79
16381	74
16382	87
16383	94
16384	77
16385	76
16386	75
16387	78
16388	85
16389	70
16390	84
16391	86
16392	83
16393	12
16394	54
16395	83
16396	68
16397	90
16398	83
16399	86
16400	89
16401	49
16402	83
16403	84
16404	73
16405	72
16406	88
16407	88
16408	87
16409	80
16410	87
16411	75
16412	77
16413	71
16414	82
16415	69
16416	77
16417	80
16418	87
16419	83
16420	80
16421	87
16422	90
16423	79
16424	64
16425	83
16426	83
16427	81
16428	89
16429	59
16430	84
16431	86
16432	92
16433	82
16434	95
16435	93
16436	83
16437	73
16438	79
16439	84
16440	78
16441	86
16442	83
16443	92
16444	85
16445	89
16446	80
16447	85
16448	82
16449	78
16450	88
16451	33
16452	85
16453	82
16454	92
16455	88
16456	90
16457	82
16458	88
16459	84
16460	79
16461	73
16462	21
16463	64
16464	87
16465	90
16466	26
16467	13
16468	74
16469	93
16470	92
16471	81
16472	85
16473	75
16474	88
16475	79
16476	75
16477	78
16478	87
16479	85
16480	90
16481	87
16482	91
16483	66
16484	77
16485	86
16486	91
16487	97
16488	99
16489	91
16494	99
16495	84
16496	80
16497	84
16498	93
16499	93
16500	95
16501	80
16502	94
16503	82
16504	93
16505	96
16506	86
16507	83
16508	82
16509	50
16510	51
16511	85
16512	89
16513	92
16514	91
16515	94
16516	84
16517	98
16518	95
16519	76
16520	77
16521	78
16522	83
16523	88
16524	91
16525	81
16526	86
16527	87
16528	89
16529	80
16530	69
16531	61
16532	76
16533	82
16534	68
16535	84
16536	68
16537	85
16538	81
16539	67
16540	83
16541	87
16542	86
16543	89
16544	84
16545	95
16546	71
16547	79
16548	78
16549	83
16550	83
16551	91
16552	84
16553	92
16554	28
16555	76
16556	95
16557	95
16558	97
16559	83
16560	82
16561	73
16562	90
16563	84
16564	89
16565	86
16566	82
16567	93
16568	84
16569	97
16570	92
16571	95
16572	78
16573	85
16574	86
16575	80
16576	86
16577	89
16578	91
16579	89
16580	84
16581	84
16582	93
16583	94
16584	90
16585	77
16586	82
16587	89
16588	93
16589	78
16590	95
16591	91
16592	91
16593	84
16594	88
16595	98
16596	89
16597	81
16598	75
16599	80
16600	90
16601	82
16602	90
16603	90
16604	28
16605	92
16606	77
16607	56
16608	71
16609	84
16610	92
16611	87
16612	89
16613	90
16614	62
16615	95
16616	88
16617	87
16618	92
16619	77
16620	86
16621	95
16622	85
16623	94
16624	59
16625	92
16626	80
16627	92
16628	88
16629	91
16630	83
16631	91
16632	84
16633	88
16634	93
16635	90
16636	84
16637	85
16638	90
16639	88
16640	88
16641	90
16642	39
16643	90
16644	86
16645	32
16646	87
16647	89
16648	92
16649	88
16650	82
16651	86
16652	37
16653	84
16654	89
16655	93
16656	93
16657	97
16658	90
16659	90
16660	95
16661	92
16662	44
16663	91
16664	93
16665	90
16666	91
16667	91
16668	96
16669	89
16670	95
16671	89
16672	83
16673	88
16674	83
16675	73
16676	81
16677	92
16678	96
16679	83
16680	88
16681	87
16682	87
16683	38
16684	84
16685	85
16686	91
16687	90
16688	81
16689	63
16690	75
16691	90
16692	86
16693	89
16694	94
16695	86
16696	93
16697	87
16698	88
16699	96
16700	78
16701	80
16702	85
16703	88
16704	86
16705	86
16706	82
16707	90
16708	89
16709	90
16710	93
16711	88
16712	91
16713	83
16714	80
16715	89
16716	89
16717	86
16718	90
16719	90
16720	91
16721	88
16722	95
16723	96
16724	82
16725	69
16726	62
16727	91
16728	91
16729	91
16730	92
16731	90
16732	84
16733	87
16734	87
16735	98
16736	91
16737	84
16738	84
16739	76
16740	85
16741	87
16742	82
16743	89
16744	87
16745	91
16746	93
16747	89
16748	98
16749	88
16750	87
16751	83
16752	82
16753	81
16754	81
16755	31
16756	89
16757	84
16758	90
16759	93
16760	86
16761	89
16762	82
16763	87
16764	89
16765	83
16766	91
16767	90
16768	79
16769	86
16770	89
16771	96
16772	82
16773	91
16774	40
16775	88
16776	85
16777	39
16778	86
16779	23
16780	88
16781	92
16782	95
16783	83
16784	94
16785	92
16786	90
16787	95
16788	90
16789	84
16790	82
16791	83
16792	72
16793	86
16794	92
16795	94
16796	92
16797	97
16798	78
16799	91
16800	94
16801	91
16802	80
16803	90
16804	76
16805	85
16806	89
16807	91
16808	92
16809	87
16810	92
16811	78
16812	92
16813	94
16814	93
16815	24
16816	28
16817	76
16818	90
16819	82
16820	79
16821	68
16822	83
16823	94
16824	61
16825	94
16826	95
16827	90
16828	69
16829	77
16830	88
16831	92
16832	90
16833	90
16834	93
16835	96
16836	98
16837	89
16838	97
16839	97
16840	84
16841	75
16842	80
16843	86
16844	91
16845	94
16846	81
16847	89
16848	88
16849	90
16850	85
16851	97
16852	92
16853	98
16854	76
16855	75
16856	93
16857	94
16858	88
16859	80
16860	94
16861	87
16862	85
16863	89
16864	94
16865	90
16866	78
16867	81
16868	79
16869	87
16870	86
16871	85
16872	84
16873	87
16874	82
16875	94
16876	89
16877	90
16878	86
16879	85
16880	77
16881	82
16882	28
16883	87
16884	91
16885	87
16886	85
16887	95
16888	93
16889	90
16890	98
16891	95
16892	89
16893	80
16894	75
16895	87
16896	88
16897	91
16898	86
16899	52
16900	65
16901	83
16902	35
16903	81
16904	90
16905	86
16906	80
16907	75
16908	80
16909	76
16910	81
16911	87
16912	82
16913	86
16914	95
16915	84
16916	92
16917	90
16918	91
16919	80
16920	85
16921	83
16922	83
16923	88
16924	89
16925	92
16926	91
16927	93
16928	92
16929	96
16930	80
16931	86
16932	83
16933	75
16934	92
16935	87
16936	88
16937	84
16938	93
16939	85
16940	91
16941	93
16942	96
16943	90
16944	80
16945	76
16946	78
16947	95
16948	83
16949	88
16950	89
16951	88
16952	82
16953	91
16954	88
16955	89
16956	90
16957	93
16958	82
16959	85
16960	95
16961	90
16962	90
16963	89
16964	90
16965	90
16966	88
16967	87
16968	94
16969	94
16970	95
16971	76
16972	84
16973	89
16974	90
16975	89
16976	93
16977	95
16978	95
16979	85
16980	89
16981	83
16982	96
16983	96
16984	84
16985	86
16986	87
16987	90
16988	90
16989	92
16990	91
16991	93
16992	93
16993	87
16994	85
16995	93
16996	86
16997	83
16998	32
16999	87
17000	87
17001	92
17002	90
17003	89
17004	90
17005	94
17006	90
17007	86
17008	94
17009	92
17010	82
17011	77
17012	38
17013	82
17014	84
17015	92
17016	92
17017	88
17018	84
17019	85
17020	83
17021	25
17022	86
17023	71
17024	84
17025	82
17026	82
17027	86
17028	94
17029	85
17030	79
17031	86
17032	98
17033	86
17034	65
17035	74
17036	80
17037	94
17038	90
17039	91
17040	80
17041	85
17042	86
17043	90
17044	90
17045	97
17046	39
17047	85
17048	84
17049	83
17050	93
17051	88
17052	41
17053	84
17054	91
17055	90
17056	93
17057	88
17058	97
17059	95
17060	88
17061	82
17062	77
17063	88
17064	88
17065	85
17066	84
17067	45
17068	90
17069	94
17070	81
17071	97
17072	90
17073	81
17074	85
17075	75
17076	63
17077	85
17078	89
17079	94
17080	33
17081	90
17082	95
17083	94
17084	94
17085	34
17086	81
17087	90
17088	74
17089	94
17090	91
17091	83
17092	81
17093	95
17094	83
17095	95
17097	96
17098	91
17099	89
17100	84
17101	80
17102	81
17103	91
17104	88
17105	81
17106	86
17107	85
17108	94
17109	93
17110	95
17111	43
17112	94
17113	93
17114	80
17115	23
17116	0
17117	1
17118	61
17119	94
17120	93
17121	83
17122	88
17123	88
17124	90
17125	98
17126	78
17127	80
17128	81
17129	82
17130	83
17131	93
17132	92
17133	91
17134	90
17135	89
17136	89
17137	88
17138	94
17139	91
17141	92
17142	81
17143	79
17144	91
17145	91
17146	95
17147	93
17148	93
17149	94
17150	88
17151	88
17152	91
17153	82
17154	84
17155	91
17156	92
17157	80
17158	89
17159	87
17160	86
17161	51
17162	81
17163	65
17164	83
17165	91
17166	84
17167	78
17168	93
17169	82
17170	79
17171	81
17172	80
17173	83
17174	91
17175	90
17176	93
17177	89
17178	91
17179	89
17180	96
17181	60
17182	90
17183	91
17184	87
17185	91
17186	84
17187	88
17188	85
17189	87
17190	90
17191	90
17192	89
17193	96
17194	89
17195	67
17196	78
17197	89
17198	92
17199	84
17200	91
17201	87
17202	93
17203	88
17204	92
17205	89
17206	95
17207	98
17208	91
17209	89
17210	85
17211	89
17212	86
17213	88
17214	94
17215	94
17216	91
17217	89
17218	88
17219	94
17220	82
17221	71
17222	88
17223	85
17224	91
17225	87
17226	87
17227	90
17228	91
17229	85
17230	82
17231	87
17232	96
17233	93
17234	91
17235	78
17236	85
17237	87
17238	86
17239	91
17240	94
17241	87
17242	93
17243	94
17244	91
17245	93
17246	72
17247	68
17248	88
17249	85
17250	90
17251	91
17252	89
